5000
    1   196   485
    2     0  5094
    3     0  6326
    4     0  4506
    5     0  9248
    6     0  4416
    7     0  5421
    8     0   992
    9     0   322
   10     0  6649
   11     0  5795
   12     0  9237
   13     0  8043
   14     0  6457
   15     0  2845
   16     0  7815
   17     0  4955
   18     0  9446
   19     0  9252
   20     0  3422
   21     0  1009
   22     0  8791
   23     0  5901
   24     0  9359
   25     0  1122
   26     0  5667
   27     0  1094
   28     0  1598
   29     0  8738
   30     0  2007
   31     0  8574
   32     0   544
   33     0  5715
   34     0  5334
   35     0  8882
   36     0  2766
   37     0  1367
   38     0  3994
   39     0  9984
   40     0  9893
   41     0  3299
   42     0  2633
   43     0  9433
   44     0  7131
   45     0  5682
   46     0  5428
   47     0    72
   48     0  6700
   49     0  7874
   50     0   617
   51     0   138
   52     0  5874
   53     0  3856
   54     0  7720
   55     0  7145
   56     0  4419
   57     0  7995
   58     0  9794
   59     0  1529
   60     0  8196
   61     0  6199
   62     0  5997
   63     0  3277
   64     0  3116
   65     0    97
   66     0  5908
   67     0  9719
   68     0  5539
   69     0  5242
   70     0  5707
   71     0  6107
   72     0  8569
   73     0  1122
   74     0  5537
   75     0  1070
   76     0   931
   77     0  6098
   78     0  5726
   79     0  3600
   80     0  5487
   81     0  6645
   82     0  9772
   83     0  7267
   84     0  7513
   85     0  1972
   86     0  2081
   87     0  9895
   88     0  9943
   89     0  3213
   90     0  8058
   91     0  9748
   92     0  4303
   93     0  9487
   94     0  3764
   95     0  1923
   96     0  6536
   97     0  7029
   98     0   724
   99     0  5674
  100     0  3789
  101     0  8540
  102     0  7479
  103     0  5554
  104     0  2142
  105     0  2467
  106     0  8339
  107     0  7046
  108     0  8641
  109     0  9710
  110     0  3196
  111     0   553
  112     0  1494
  113     0  3191
  114     0  4066
  115     0  8724
  116     0   824
  117     0  5730
  118     0  9208
  119     0  6988
  120     0  9711
  121     0  2090
  122     0  8800
  123     0  9340
  124     0  3314
  125     0  7549
  126     0  6289
  127     0  4196
  128     0  9401
  129     0   865
  130     0  1466
  131     0  9678
  132     0  2689
  133     0  5570
  134     0  6833
  135     0  4936
  136     0  5225
  137     0  3722
  138     0  6244
  139     0  3651
  140     0  3849
  141     0  6123
  142     0  8113
  143     0  1431
  144     0  3379
  145     0  8508
  146     0  7361
  147     0  7585
  148     0  2065
  149     0  1853
  150     0  7486
  151     0  9642
  152     0  2686
  153     0  7992
  154     0  7286
  155     0  6725
  156     0  1889
  157     0  1286
  158     0  8024
  159     0  1812
  160     0  9491
  161     0  8859
  162     0  6891
  163     0   663
  164     0  5090
  165     0  1088
  166     0  5181
  167     0  4179
  168     0  1214
  169     0  4187
  170     0  1017
  171     0  6619
  172     0  3472
  173     0  7261
  174     0  4418
  175     0  6846
  176     0  5419
  177     0  9192
  178     0  7356
  179     0  7261
  180     0  6682
  181     0  5514
  182     0  9306
  183     0  2886
  184     0  2201
  185     0  3530
  186     0  8385
  187     0  4849
  188     0  1952
  189     0  3294
  190     0  1500
  191     0  1799
  192     0  1194
  193     0  2391
  194     0  9737
  195     0  4330
  196     0  4324
  197     0  2298
  198     0  2992
  199     0  2790
  200     0  2224
  201     0  5275
  202     0  8260
  203     0  9826
  204     0  1097
  205     0  2072
  206     0  4210
  207     0  2866
  208     0  1649
  209     0  7951
  210     0  6919
  211     0  8748
  212     0  3063
  213     0  6685
  214     0  2958
  215     0  9956
  216     0  4804
  217     0  8564
  218     0   518
  219     0  4183
  220     0  5428
  221     0  9400
  222     0  5537
  223     0  6721
  224     0  5346
  225     0  1207
  226     0  4153
  227     0  1323
  228     0  8971
  229     0   611
  230     0  7662
  231     0  2116
  232     0  4197
  233     0  8109
  234     0  8091
  235     0  6795
  236     0  1529
  237     0  9343
  238     0  5126
  239     0  7862
  240     0  8747
  241     0  1685
  242     0  8469
  243     0  7010
  244     0  3770
  245     0  1881
  246     0  1934
  247     0  6984
  248     0   723
  249     0  9403
  250     0  1895
  251     0  8360
  252     0  7568
  253     0  5449
  254     0  6172
  255     0  3541
  256     0  6958
  257     0  6272
  258     0  4383
  259     0  2877
  260     0  3308
  261     0  3359
  262     0  4970
  263     0  2707
  264     0  3583
  265     0  4308
  266     0  6048
  267     0  7770
  268     0   930
  269     0  3030
  270     0  7569
  271     0  6208
  272     0  5003
  273     0  5311
  274     0  7020
  275     0  2100
  276     0  1609
  277     0  3939
  278     0  5887
  279     0  8422
  280     0  6825
  281     0  2785
  282     0  9930
  283     0  5370
  284     0  4904
  285     0  3989
  286     0   241
  287     0  4969
  288     0  7379
  289     0  9143
  290     0  9376
  291     0  9972
  292     0  7962
  293     0  7028
  294     0  6889
  295     0  3061
  296     0  7443
  297     0  9638
  298     0  8216
  299     0  1348
  300     0  5338
  301     0  9347
  302     0  9160
  303     0  8066
  304     0  6406
  305     0  1391
  306     0  8159
  307     0  5638
  308     0  3031
  309     0  5295
  310     0  5204
  311     0  3826
  312     0  7420
  313     0  1196
  314     0  9153
  315     0  2449
  316     0  3425
  317     0  9855
  318     0  5331
  319     0  2143
  320     0   565
  321     0  5487
  322     0  7838
  323     0  9140
  324     0  8009
  325     0   564
  326     0  3918
  327     0  3615
  328     0   533
  329     0  8135
  330     0   232
  331     0  3564
  332     0  3957
  333     0  6360
  334     0  6591
  335     0  7793
  336     0   576
  337     0  9163
  338     0  3746
  339     0  4859
  340     0  6377
  341     0  3760
  342     0  3858
  343     0  9711
  344     0  3086
  345     0  5662
  346     0  2434
  347     0   159
  348     0   558
  349     0  5660
  350     0  4279
  351     0  4268
  352     0  2840
  353     0  5948
  354     0  2735
  355     0  7315
  356     0  8574
  357     0  4676
  358     0   126
  359     0  8341
  360     0  3912
  361     0  3689
  362     0  8739
  363     0  7894
  364     0   821
  365     0  1706
  366     0  3625
  367     0  7490
  368     0  5917
  369     0  7478
  370     0  6201
  371     0  5671
  372     0  2993
  373     0  1932
  374     0  1149
  375     0  2899
  376     0    52
  377     0  6237
  378     0  9759
  379     0   187
  380     0  9267
  381     0  3472
  382     0  2256
  383     0  8772
  384     0  8783
  385     0  2098
  386     0  8117
  387     0  5906
  388     0  1516
  389     0  3911
  390     0  7180
  391     0   635
  392     0  7025
  393     0   225
  394     0   380
  395     0   823
  396     0  5712
  397     0  9164
  398     0  8266
  399     0  8343
  400     0  3216
  401     0  1732
  402     0  1448
  403     0  9502
  404     0  9541
  405     0  2740
  406     0  2664
  407     0  2576
  408     0  3954
  409     0  3612
  410     0  5726
  411     0  6902
  412     0  6772
  413     0  5454
  414     0  8531
  415     0  8411
  416     0  4943
  417     0  7973
  418     0  1750
  419     0  7703
  420     0  2327
  421     0  4850
  422     0  3917
  423     0  7077
  424     0  4005
  425     0  1220
  426     0  3113
  427     0  4802
  428     0  9913
  429     0  2403
  430     0   791
  431     0  6181
  432     0  7998
  433     0  2010
  434     0  5859
  435     0  7525
  436     0   345
  437     0  3919
  438     0  7431
  439     0  4668
  440     0  9675
  441     0  6527
  442     0  2833
  443     0  3462
  444     0  4438
  445     0  5291
  446     0  3523
  447     0  1605
  448     0  7916
  449     0  8457
  450     0  6420
  451     0  8405
  452     0  8115
  453     0  1417
  454     0  6660
  455     0  4279
  456     0  4261
  457     0  7685
  458     0  9772
  459     0  7596
  460     0  8388
  461     0  2307
  462     0  1764
  463     0   224
  464     0  8843
  465     0  3322
  466     0  8206
  467     0  5840
  468     0  7407
  469     0  6975
  470     0   639
  471     0  1401
  472     0   852
  473     0  4091
  474     0  2542
  475     0  5327
  476     0  6060
  477     0   330
  478     0  6757
  479     0  4182
  480     0  3082
  481     0  9603
  482     0  1637
  483     0  1793
  484     0  3093
  485     0  5615
  486     0   614
  487     0  3733
  488     0   136
  489     0  3864
  490     0   187
  491     0  9016
  492     0  4102
  493     0  4863
  494     0  9972
  495     0  6987
  496     0  9163
  497     0  5306
  498     0  7501
  499     0  8034
  500     0   477
  501     0  6840
  502     0  3492
  503     0  6700
  504     0  1121
  505     0  4706
  506     0  3080
  507     0  4787
  508     0  8138
  509     0  9105
  510     0  7660
  511     0   834
  512     0  1229
  513     0  5798
  514     0  4827
  515     0  3310
  516     0  2448
  517     0  1609
  518     0  8230
  519     0   690
  520     0  8832
  521     0  8561
  522     0  6489
  523     0  9579
  524     0  1586
  525     0    60
  526     0  1291
  527     0  7388
  528     0  9665
  529     0  1309
  530     0  6660
  531     0  1407
  532     0  3702
  533     0  3200
  534     0  2153
  535     0  2313
  536     0  7606
  537     0  8970
  538     0  3123
  539     0  1033
  540     0  1253
  541     0  2273
  542     0  9709
  543     0  5277
  544     0  5832
  545     0  8997
  546     0  2108
  547     0  9040
  548     0   888
  549     0  5227
  550     0  1481
  551     0  1860
  552     0  1283
  553     0  5940
  554     0  8858
  555     0  5608
  556     0  4284
  557     0  4990
  558     0  5711
  559     0  3590
  560     0  6850
  561     0  6806
  562     0  1239
  563     0  7052
  564     0  8943
  565     0  1801
  566     0  2195
  567     0  9764
  568     0  7095
  569     0  4710
  570     0  1410
  571     0  8386
  572     0  1664
  573     0  2593
  574     0  3900
  575     0  9050
  576     0   112
  577     0  5494
  578     0  3963
  579     0  2156
  580     0  8754
  581     0  6936
  582     0  7458
  583     0  9965
  584     0    19
  585     0  2086
  586     0  6225
  587     0   723
  588     0  8569
  589     0  4184
  590     0  6097
  591     0  9868
  592     0  2194
  593     0  7340
  594     0  5754
  595     0  4412
  596     0  4602
  597     0  4487
  598     0  1061
  599     0   209
  600     0  2695
  601     0  2346
  602     0   347
  603     0  3860
  604     0  6719
  605     0  8307
  606     0  1100
  607     0    95
  608     0  1097
  609     0  5821
  610     0  6843
  611     0  3941
  612     0  3745
  613     0  2821
  614     0  3286
  615     0  1587
  616     0  7492
  617     0  8201
  618     0   116
  619     0  5665
  620     0  1531
  621     0  2527
  622     0  2424
  623     0  7812
  624     0  9253
  625     0  9424
  626     0  1426
  627     0  1459
  628     0  8413
  629     0  9343
  630     0  6980
  631     0  4836
  632     0  1291
  633     0   506
  634     0  2833
  635     0   179
  636     0   486
  637     0  1916
  638     0  9009
  639     0  4430
  640     0  1575
  641     0  7596
  642     0  7922
  643     0  5808
  644     0  9145
  645     0  7269
  646     0  9897
  647     0  5512
  648     0  3404
  649     0  7811
  650     0   742
  651     0  3685
  652     0   728
  653     0  2567
  654     0  3269
  655     0  3776
  656     0  5103
  657     0   855
  658     0  9745
  659     0  7718
  660     0  3035
  661     0  6853
  662     0  7779
  663     0  2097
  664     0  6071
  665     0  1146
  666     0  3080
  667     0  9746
  668     0  6842
  669     0  6015
  670     0  8128
  671     0  3965
  672     0   941
  673     0  1512
  674     0   227
  675     0   480
  676     0  6030
  677     0   958
  678     0  1342
  679     0  1665
  680     0  2605
  681     0  5191
  682     0  3531
  683     0  4964
  684     0  3364
  685     0  2515
  686     0  5359
  687     0  9606
  688     0  6867
  689     0  6822
  690     0  3820
  691     0  4536
  692     0  8313
  693     0  9693
  694     0  5207
  695     0  1019
  696     0  8911
  697     0   335
  698     0  4308
  699     0  6101
  700     0  6430
  701     0  9922
  702     0  8685
  703     0  9294
  704     0  6641
  705     0  3910
  706     0   113
  707     0  2410
  708     0  9141
  709     0  3250
  710     0  7690
  711     0   546
  712     0  2700
  713     0  6729
  714     0  1559
  715     0  8609
  716     0  6481
  717     0  9720
  718     0   503
  719     0  3976
  720     0  1766
  721     0  1759
  722     0     7
  723     0  2798
  724     0  1882
  725     0  4074
  726     0  1859
  727     0  8648
  728     0  4182
  729     0   299
  730     0   425
  731     0   785
  732     0  5542
  733     0  9846
  734     0  4683
  735     0   390
  736     0   853
  737     0  7897
  738     0  5938
  739     0  6416
  740     4  3089
  741   144   837
  742    56   624
  743 20480  3247
  744     0  5181
  745     0  7293
  746     0  2878
  747     0  8144
  748     0   933
  749     0  2938
  750     0   580
  751     0  1467
  752     0  2252
  753     0  1480
  754     0  9207
  755     0  8955
  756     0  2658
  757     0  5665
  758     0  9020
  759     0  8026
  760     0  7954
  761     0  4564
  762     0  6347
  763     0  9449
  764     0   759
  765     0  7026
  766     0  4446
  767     0   521
  768     0  6014
  769     0  9301
  770     0  3657
  771     0  7321
  772     0  8710
  773     0  1613
  774     0  8980
  775     0  7388
  776     0  5188
  777     0  5879
  778     0  5636
  779     0  9990
  780     0  1203
  781     0  8188
  782     0  3432
  783     0  4963
  784     0  9129
  785     0  4820
  786     0  7630
  787     0  7300
  788     0  5509
  789     0  8822
  790     0  7237
  791     0  1255
  792     0   373
  793     0  3277
  794     0  7838
  795     0  7153
  796     0  7395
  797     0  9400
  798     0  3692
  799     0  5227
  800     0  9103
  801     0  7518
  802     0  8218
  803     0  1447
  804     0  1384
  805     0   315
  806     0  7931
  807     0  2813
  808     0  9396
  809     0  5324
  810     0  5389
  811     0  6502
  812     0   640
  813     0  5299
  814     0  3287
  815     0  5780
  816     0  5297
  817     0  6376
  818     0  6977
  819     0  3516
  820     0  1512
  821     0  1212
  822     0  3219
  823     0  1329
  824     0  1555
  825     0   810
  826     0  5398
  827     0  5486
  828     0  6289
  829     0  9485
  830     0  7798
  831     0  6416
  832     0  7598
  833     0  2952
  834     0  9049
  835     0  2894
  836     0   572
  837     0   358
  838     0  2697
  839     0  4021
  840     0   770
  841     0  7647
  842     0  3725
  843     0  9044
  844     0  2542
  845     0  1683
  846     0   214
  847     0  5361
  848     0  2887
  849     0  7814
  850     0  7045
  851     0  6231
  852     0  2094
  853     0  2008
  854     0   282
  855     0  7165
  856     0  8082
  857     0  4496
  858     0  1319
  859     0  1699
  860     0  2626
  861     0  4852
  862     0  2146
  863     0  2459
  864     0   541
  865     0  8535
  866     0  6874
  867     0  3314
  868     0  6725
  869     0   944
  870     0  5777
  871     0  3306
  872     0  9554
  873     0  3459
  874     0  9208
  875     0  7637
  876     0  6787
  877     0   447
  878     0  5976
  879     0  7408
  880     0  2912
  881     0  3107
  882     0   444
  883     0  7962
  884     0  7003
  885     0  1565
  886     0  4301
  887     0  7407
  888     0   164
  889     0  1857
  890     0  4437
  891     0  3317
  892     0  8652
  893     0  2098
  894     0  9764
  895     0  8818
  896     0  3041
  897     0  9600
  898     0  2737
  899     0  9288
  900     0  1176
  901     0  5902
  902     0  6136
  903     0  1567
  904     0  1128
  905     0  6190
  906     0  1394
  907     0  8749
  908     0  1235
  909     0  2908
  910     0  7042
  911     0  4276
  912     0  1824
  913     0  7748
  914     0  8684
  915     0  9592
  916     0  6979
  917     0  9393
  918     0  9568
  919     0  8363
  920     0   367
  921     0  8163
  922     0  8052
  923     0   983
  924     0  4642
  925     0  5179
  926     0  4335
  927     0  1016
  928     0  4126
  929     0  1478
  930     0  2130
  931     0  2259
  932     0  2583
  933     0  6868
  934     0  8129
  935     0  4295
  936     0  3752
  937     0  6596
  938     0  7167
  939     0  5071
  940     0  7856
  941     0  4622
  942     0  7640
  943     0  2864
  944     0  9770
  945     0  3644
  946     0  1431
  947     0  6005
  948     0  1195
  949     0  5365
  950     0  7448
  951     0  3429
  952     0  5701
  953     0  7064
  954     0   952
  955     0  7854
  956     0  3880
  957     0  2770
  958     0  4168
  959     0  9088
  960     0  7079
  961     0  8157
  962     0  2961
  963     0  3368
  964     0  4472
  965     0  6421
  966     0  5217
  967     0  1719
  968     0  8709
  969     0  1271
  970     0   147
  971     0  8975
  972     0  7296
  973     0  5816
  974     0   909
  975     0  3962
  976     0  5764
  977     0  3535
  978     0  5251
  979     0  4438
  980     0  5878
  981     0  3696
  982     0  5753
  983     0  4881
  984     0  8570
  985     0  3318
  986     0  5253
  987     0  8045
  988     0  7666
  989     0  9052
  990     0  6931
  991     0  2496
  992     0   433
  993     0  2313
  994     0  7810
  995     0  8138
  996     0  5678
  997     0  7334
  998     0  6123
  999     0  3988
 1000     0   212
 1001     0   508
 1002     0  6066
 1003     0  8770
 1004     0  7206
 1005     0   751
 1006     0  3750
 1007     0  3780
 1008     0  8064
 1009     0  7441
 1010     0  6466
 1011     0   207
 1012     0  9337
 1013     0  8516
 1014     0  5510
 1015     0   674
 1016     0  3796
 1017     0  9408
 1018     0   175
 1019     0  8920
 1020     0  2437
 1021     0  2573
 1022     0  9938
 1023     0  6634
 1024     0  6848
 1025     0  2878
 1026     0  5561
 1027     0  4990
 1028     0  4718
 1029     0   826
 1030     0  2948
 1031     0  9696
 1032     0  8649
 1033     0  3800
 1034     0  7569
 1035     0  2411
 1036     0  2663
 1037     0  2422
 1038     0   582
 1039     0   707
 1040     0  9843
 1041     0  1334
 1042     0  6202
 1043     0  7986
 1044     0  3702
 1045     0  7494
 1046     0  8579
 1047     0  9150
 1048     0  2725
 1049     0  3562
 1050     0  9803
 1051     0  3380
 1052     0  4340
 1053     0  5832
 1054     0  2156
 1055     0  6979
 1056     0  1832
 1057     0  7376
 1058     0  2602
 1059     0  7511
 1060     0  4234
 1061     0  7414
 1062     0  4688
 1063     0  2160
 1064     0  8184
 1065     0  1982
 1066     0  4978
 1067     0   238
 1068     0  9413
 1069     0  3490
 1070     0  3633
 1071     0  7899
 1072     0  3585
 1073     0  3251
 1074     0  8606
 1075     0  9526
 1076     0  4963
 1077     0  9897
 1078     0  3350
 1079     0  6039
 1080     0  4242
 1081     0  9657
 1082     0  8539
 1083     0   452
 1084     0  6739
 1085     0  7538
 1086     0  5267
 1087     0  4831
 1088     0  1165
 1089     0  7460
 1090     0  7177
 1091     0  2185
 1092     0  5720
 1093     0  3934
 1094     0  8802
 1095     0  4440
 1096     0  8644
 1097     0  1490
 1098     0  1082
 1099     0  5168
 1100     0  3798
 1101     0  6071
 1102     0  1197
 1103     0  2977
 1104     0  6173
 1105     0  4458
 1106     0  4081
 1107     0  4204
 1108     0  3235
 1109     0   803
 1110     0  4112
 1111     0  1139
 1112     0  1103
 1113     0   399
 1114     0  5268
 1115     0  1420
 1116     0  7879
 1117     0   991
 1118     0  5643
 1119     0  2578
 1120     0  9106
 1121     0   972
 1122     0  4122
 1123     0  7177
 1124     0  4444
 1125     0  1398
 1126     0  9262
 1127     0   348
 1128     0   691
 1129     0  3496
 1130     0  9997
 1131     0   276
 1132     0  6446
 1133     0  8825
 1134     0  4171
 1135     0  2614
 1136     0  5549
 1137     0  7121
 1138     0  8281
 1139     0  8730
 1140     0  3211
 1141     0  4341
 1142     0  3112
 1143     0  7284
 1144     0  1408
 1145     0  9698
 1146     0  8730
 1147     0  6017
 1148     0  3363
 1149     0   546
 1150     0  8089
 1151     0  8672
 1152     0  2605
 1153     0  8974
 1154     0  1938
 1155     0  3866
 1156     0  8168
 1157     0  5377
 1158     0  1705
 1159     0   559
 1160     0  9047
 1161     0  4340
 1162     0  6400
 1163     0  4527
 1164     0  5215
 1165     0  2779
 1166     0  6114
 1167     0  7761
 1168     0  8051
 1169     0  1483
 1170     0  9881
 1171     0  5092
 1172     0  7549
 1173     0   390
 1174     0  1679
 1175     0  3583
 1176     0  4328
 1177     0  4661
 1178     0  5250
 1179     0  2391
 1180     0  4203
 1181     0  4336
 1182     0   481
 1183     0  7661
 1184     0   752
 1185     0  2125
 1186     0  4707
 1187     0  3089
 1188     0  6082
 1189     0  6275
 1190     0  5063
 1191     0  8359
 1192     0  2660
 1193     0  5178
 1194     0  8021
 1195     0  7780
 1196     0   287
 1197     0  9042
 1198     0  5219
 1199     0  4005
 1200     0  4500
 1201     0  2380
 1202     0  6820
 1203     0  7772
 1204     0  4095
 1205     0  3816
 1206     0  4044
 1207     0     9
 1208     0  4748
 1209     0  9484
 1210     0  7678
 1211     0  2545
 1212     0  4276
 1213     0  8589
 1214     0  7478
 1215     0  6157
 1216     0  7663
 1217     0  1901
 1218     0  4594
 1219     0  7777
 1220     0  9757
 1221     0  3074
 1222     0  3947
 1223     0  2247
 1224     0  6448
 1225     0  3055
 1226     0  7570
 1227     0  9479
 1228     0  9313
 1229     0   785
 1230     0  6981
 1231     0  5958
 1232     0  9795
 1233     0   680
 1234     0  7552
 1235     0  6393
 1236     0  2389
 1237     0   944
 1238     0  9280
 1239     0  2596
 1240     0  4864
 1241     0  2619
 1242     0  7636
 1243     0   611
 1244     0   512
 1245     0  1852
 1246     0  6892
 1247     0  1283
 1248     0  3184
 1249     0  1299
 1250     0   947
 1251     0  4766
 1252     0  1614
 1253     0  3312
 1254     0  5625
 1255     0  1826
 1256     0  9149
 1257     0  6726
 1258     0  2377
 1259     0  4733
 1260     0  6474
 1261     0  7805
 1262     0  7018
 1263     0  8679
 1264     0  6662
 1265     0   403
 1266     0  6416
 1267     0  3964
 1268     0  4001
 1269     0   337
 1270     0   530
 1271     0  5541
 1272     0  3752
 1273     0  9478
 1274     0  8022
 1275     0   369
 1276     0  8981
 1277     0   946
 1278     0  8777
 1279     0  6821
 1280     0  7957
 1281     0  4833
 1282     0  7275
 1283     0  5837
 1284     0  2584
 1285     0  7490
 1286     0   582
 1287     0  7037
 1288     0  9121
 1289     0  4594
 1290     0  9951
 1291     0  3129
 1292     0  2668
 1293     0  9258
 1294     0   118
 1295     0  3246
 1296     0  8319
 1297     0  5362
 1298     0  3896
 1299     0  9755
 1300     0  8521
 1301     0  3504
 1302     0  6948
 1303     0  1071
 1304     0   248
 1305     0   177
 1306     0  2474
 1307     0  8176
 1308     0  7351
 1309     0  4803
 1310     0  9054
 1311     0  7237
 1312     0  9155
 1313     0  1677
 1314     0  7660
 1315     0  6033
 1316     0  1871
 1317     0  5115
 1318     0  8486
 1319     0  9597
 1320     0  5294
 1321     0  5769
 1322     0  8425
 1323     0  9536
 1324     0  1245
 1325     0  6956
 1326     0  8382
 1327     0  7341
 1328     0  6371
 1329     0  4184
 1330     0  3708
 1331     0  2234
 1332     0  2544
 1333     0  3569
 1334     0  2794
 1335     0  6216
 1336     0  8387
 1337     0  7537
 1338     0  8738
 1339     0  6084
 1340     0  8520
 1341     0  3810
 1342     0  1281
 1343     0  7657
 1344     0  9502
 1345     0  9033
 1346     0  8091
 1347     0  2159
 1348     0   503
 1349     0  1520
 1350     0  6924
 1351     0  9668
 1352     0  7016
 1353     0  2287
 1354     0  3033
 1355     0  2229
 1356     0  1344
 1357     0  2374
 1358     0  9349
 1359     0  6474
 1360     0  5606
 1361     0  5672
 1362     0  4896
 1363     0  3915
 1364     0  9595
 1365     0  7511
 1366     0  8441
 1367     0  1123
 1368     0  7102
 1369     0  2569
 1370     0  8052
 1371     0  3199
 1372     0  2654
 1373     0  3396
 1374     0  4710
 1375     0  1715
 1376     0  3434
 1377     0  4059
 1378     0  9245
 1379     0  7610
 1380     0  6036
 1381     0   917
 1382     0  3661
 1383     0  3927
 1384     0  5413
 1385     0  5270
 1386     0  1013
 1387     0  1117
 1388     0  1370
 1389     0  1516
 1390     0   400
 1391     0   215
 1392     0  3195
 1393     0  8216
 1394     0  6984
 1395     0  7237
 1396     0   476
 1397     0  4615
 1398     0  2164
 1399     0   499
 1400     0  1405
 1401     0   477
 1402     0  6674
 1403     0   760
 1404     0  1196
 1405     0   285
 1406     0   608
 1407     0  8056
 1408     0  2907
 1409     0  6966
 1410     0   532
 1411     0  5622
 1412     0  1051
 1413     0   221
 1414     0   716
 1415     0  3194
 1416     0  6327
 1417     0  5091
 1418     0  8880
 1419     0  2347
 1420     0  1710
 1421     0  5252
 1422     0  3267
 1423     0  4473
 1424     0  9400
 1425     0  7516
 1426     0  8376
 1427     0  1385
 1428     0  3609
 1429     0  8357
 1430     0  8320
 1431     0  2958
 1432     0  6196
 1433     0  7665
 1434     0  1538
 1435     0  1792
 1436     0  2935
 1437     0  4064
 1438     0  8404
 1439     0  7420
 1440     0  2100
 1441     0  2671
 1442     0  9126
 1443     0  6968
 1444     0  1855
 1445     0   877
 1446     0  2094
 1447     0  6177
 1448     0  5731
 1449     0  4523
 1450     0  8253
 1451     0  3139
 1452     0  5008
 1453     0  1152
 1454     0  7393
 1455     0  9732
 1456     0  2543
 1457     0   246
 1458     0  3348
 1459     0  5565
 1460     0  9318
 1461     0  2740
 1462     0  5489
 1463     0   902
 1464     0  6022
 1465     0  1017
 1466     0  8998
 1467     0   973
 1468     0  2049
 1469     0  1298
 1470     0  7381
 1471     0  6611
 1472     0    10
 1473     0  9032
 1474     0  9429
 1475     0  7011
 1476     0  9221
 1477     0  3337
 1478     0  4150
 1479     0  9136
 1480     0  6717
 1481     0  5889
 1482     0  8530
 1483     0  6522
 1484     0  9332
 1485     0   805
 1486     0  8942
 1487     0  8028
 1488     0  6565
 1489     0  7931
 1490     0  1216
 1491     0  8757
 1492     0  7061
 1493     0  7609
 1494     0  8170
 1495     0  4544
 1496     0  2872
 1497     0  2905
 1498     0  8644
 1499     0  2595
 1500     0  8208
 1501     0  2246
 1502     0  4680
 1503     0  2113
 1504     0  3697
 1505     0  9175
 1506     0  5639
 1507     0  8156
 1508     0  5679
 1509     0  2244
 1510     0  5961
 1511     0  7883
 1512     0  4361
 1513     0   265
 1514     0   802
 1515     0   883
 1516     0  3359
 1517     0  1462
 1518     0  7839
 1519     0   485
 1520     0  2718
 1521     0   272
 1522     0  3280
 1523     0  3204
 1524     0  8252
 1525     0   984
 1526     0  1280
 1527     0  7409
 1528     0  9102
 1529     0  7398
 1530     0  5615
 1531     0  7909
 1532     0  2296
 1533     0  8370
 1534     0   481
 1535     0  7882
 1536     0  4956
 1537     0  1214
 1538     0  1230
 1539     0  9766
 1540     0   259
 1541     0  6035
 1542     0  6922
 1543     0   421
 1544     0  7706
 1545     0  5271
 1546     0  2272
 1547     0   370
 1548     0  7156
 1549     0  3848
 1550     0  6552
 1551     0  8050
 1552     0  7485
 1553     0  5976
 1554     0  6536
 1555     0  4270
 1556     0  1070
 1557     0  7796
 1558     0   902
 1559     0  5963
 1560     0  7452
 1561     0  1379
 1562     0  7035
 1563     0  5991
 1564     0  5947
 1565     0   551
 1566     0  1378
 1567     0   897
 1568     0  3057
 1569     0   307
 1570     0  2352
 1571     0  4421
 1572     0  1669
 1573     0    74
 1574     0   702
 1575     0  6388
 1576     0  3141
 1577     0  8559
 1578     0  7458
 1579     0  9980
 1580     0  1463
 1581     0  3615
 1582     0  1756
 1583     0  4681
 1584     0  2887
 1585     0  2231
 1586     0  2332
 1587     0  3207
 1588     0  6528
 1589     0  2818
 1590     0  8656
 1591     0  5331
 1592     0  5254
 1593     0  4979
 1594     0  9787
 1595     0  8445
 1596     0   495
 1597     0  6348
 1598     0  8370
 1599     0  3724
 1600     0  9010
 1601     0  5401
 1602     0  7200
 1603     0  1646
 1604     0  4327
 1605     0  8668
 1606     0  1017
 1607     0  5242
 1608     0  1374
 1609     0  5302
 1610     0  9755
 1611     0  9861
 1612     0  7980
 1613     0  8830
 1614     0  9376
 1615     0    77
 1616     0  3008
 1617     0  3441
 1618     0    32
 1619     0  3589
 1620     0  5460
 1621     0  9990
 1622     0  8804
 1623     0  8189
 1624     0  3023
 1625     0  7868
 1626     0  6869
 1627     0  5996
 1628     0  5943
 1629     0  3363
 1630     0  3715
 1631     0   237
 1632     0   628
 1633     0  6420
 1634     0  3073
 1635     0  2565
 1636     0  9199
 1637     0  5214
 1638     0  9038
 1639     0  2333
 1640     0  1209
 1641     0  7726
 1642     0  5327
 1643     0  4175
 1644     0  9912
 1645     0  2058
 1646     0  9799
 1647     0  6625
 1648     0  7372
 1649     0  3066
 1650     0  1976
 1651     0  4169
 1652     0  3120
 1653     0  1475
 1654     0  1667
 1655     0  4204
 1656     0  8188
 1657     0  3090
 1658     0  6028
 1659     0  1496
 1660     0  5704
 1661     0  8001
 1662     0   649
 1663     0  6474
 1664     0   746
 1665     0  3449
 1666     0  4697
 1667     0  8252
 1668     0  5712
 1669     0  9332
 1670     0  8289
 1671     0  6287
 1672     0  9625
 1673     0  4189
 1674     0  1953
 1675     0  1889
 1676     0  4462
 1677     0  3063
 1678     0  9302
 1679     0  2378
 1680     0  6079
 1681     0  1206
 1682     0  8041
 1683     0  1897
 1684     0  4823
 1685     0  1230
 1686     0  7908
 1687     0  7382
 1688     0  7665
 1689     0  7575
 1690     0  6036
 1691     0  3060
 1692     0  9732
 1693     0  9529
 1694     0  4809
 1695     0  7477
 1696     0  9066
 1697     0  7290
 1698     0  1291
 1699     0    89
 1700     0  6591
 1701     0  4961
 1702     0  6583
 1703     0  3461
 1704     0  3252
 1705     0  5702
 1706     0  5479
 1707     0  9532
 1708     0  6530
 1709     0  8680
 1710     0  4224
 1711     0  9053
 1712     0  1788
 1713     0  1642
 1714     0  2309
 1715     0  5000
 1716     0  6366
 1717     0  2891
 1718     0  7352
 1719     0  3822
 1720     0  8402
 1721     0  1152
 1722     0  2545
 1723     0  6324
 1724     0  4113
 1725     0  7633
 1726     0  2967
 1727     0  9267
 1728     0  4454
 1729     0  8381
 1730     0  5723
 1731     0  8272
 1732     0  2014
 1733     0  4506
 1734     0  8020
 1735     0  6419
 1736     0  3308
 1737     0  6461
 1738     0  8644
 1739     0  7526
 1740     0   713
 1741     0  8978
 1742     0  1482
 1743     0  1468
 1744     0  3336
 1745     0  2729
 1746     0   289
 1747     0  8795
 1748     0  5496
 1749     0  7581
 1750     0  2326
 1751     0  7383
 1752     0  8530
 1753     0  2226
 1754     0  6167
 1755     0  1421
 1756     0  5522
 1757     0  3386
 1758     0  9830
 1759     0  1273
 1760     0  7091
 1761     0  2484
 1762     0  5116
 1763     0  8676
 1764     0  5747
 1765     0  1107
 1766     0   395
 1767     0  1229
 1768     0  3958
 1769     0  2902
 1770     0  5756
 1771     0  4962
 1772     0  6262
 1773     0  4105
 1774     0  1703
 1775     0  3084
 1776     0  5511
 1777     0  5991
 1778     0  6481
 1779     0  1701
 1780     0  5449
 1781     0  9689
 1782     0  1888
 1783     0  7655
 1784     0  4599
 1785     0  5600
 1786     0  7306
 1787     0  3538
 1788     0  8492
 1789     0  7499
 1790     0  5803
 1791     0  3881
 1792     0  9445
 1793     0  2981
 1794     0  7316
 1795     0  2473
 1796     0  7889
 1797     0  4383
 1798     0   785
 1799     0   679
 1800     0  5765
 1801     0  7573
 1802     0  9491
 1803     0  1589
 1804     0  8589
 1805     0  6480
 1806     0  6124
 1807     0   145
 1808     0  5741
 1809     0  7624
 1810     0  7898
 1811     0  4923
 1812     0  8725
 1813     0  8915
 1814     0  8682
 1815     0  1232
 1816     0  4131
 1817     0  6974
 1818     0  2398
 1819     0  3735
 1820     0  3906
 1821     0  4678
 1822     0  3753
 1823     0  5640
 1824     0  3312
 1825     0  2644
 1826     0  6790
 1827     0  2212
 1828     0  2301
 1829     0  5123
 1830     0  1945
 1831     0  7253
 1832     0  4447
 1833     0  6943
 1834     0  9197
 1835     0    18
 1836     0  1027
 1837     0  1916
 1838     0   573
 1839     0  7327
 1840     0   589
 1841     0  8640
 1842     0  7934
 1843     0  7615
 1844     0  8209
 1845     0  9470
 1846     0  9529
 1847     0  1655
 1848     0  5899
 1849     0  2288
 1850     0  5015
 1851     0  2401
 1852     0  7592
 1853     0  7840
 1854     0  3092
 1855     0  4633
 1856     0  7575
 1857     0  4707
 1858     0  3814
 1859     0  4424
 1860     0  3354
 1861     0  1682
 1862     0  5127
 1863     0  9194
 1864     0  8374
 1865     0  6855
 1866     0  9566
 1867     0  4190
 1868     0  7594
 1869     0  9728
 1870     0  4973
 1871     0  1178
 1872     0  5645
 1873     0  4275
 1874     0  1603
 1875     0  4088
 1876     0  7712
 1877     0  6367
 1878     0  4032
 1879     0  4544
 1880     0  9298
 1881     0  3738
 1882     0  7561
 1883     0  2963
 1884     0  1906
 1885     0   460
 1886     0  4626
 1887     0  1266
 1888     0   143
 1889     0   727
 1890     0  8504
 1891     0  3033
 1892     0  3836
 1893     0  3442
 1894     0  7361
 1895     0  3628
 1896     0   431
 1897     0  6384
 1898     0   554
 1899     0  7244
 1900     0  6024
 1901     0  4482
 1902     0  6416
 1903     0  7765
 1904     0  8735
 1905     0  7446
 1906     0  1243
 1907     0  8247
 1908     0  4454
 1909     0  7913
 1910     0  6932
 1911     0  8560
 1912     0   494
 1913     0  2528
 1914     0  8648
 1915     0  4594
 1916     0  8357
 1917     0  5935
 1918     0  4596
 1919     0  3462
 1920     0  9788
 1921     0  9621
 1922     0  3536
 1923     0  7660
 1924     0  4759
 1925     0   564
 1926     0  4200
 1927     0  8302
 1928     0  9566
 1929     0  3936
 1930     0  8741
 1931     0  6592
 1932     0  9217
 1933     0  6724
 1934     0  2219
 1935     0  8118
 1936     0  3832
 1937     0  4299
 1938     0  9819
 1939     0  7251
 1940     0  4487
 1941     0  8129
 1942     0  8473
 1943     0  7096
 1944     0   241
 1945     0  8167
 1946     0  1064
 1947     0  5169
 1948     0   516
 1949     0  2381
 1950     0  5857
 1951     0  5976
 1952     0  1218
 1953     0  8767
 1954     0  5490
 1955     0   837
 1956     0  5504
 1957     0  5407
 1958     0  8707
 1959     0  1203
 1960     0   342
 1961     0  5387
 1962     0  5475
 1963     0  2735
 1964     0  3175
 1965     0  1706
 1966     0  4786
 1967     0  2335
 1968     0   171
 1969     0    40
 1970     0   232
 1971     0  9821
 1972     0  2888
 1973     0  7131
 1974     0  4866
 1975     0  2159
 1976     0  6976
 1977     0   978
 1978     0  8253
 1979     0  6053
 1980     0  1619
 1981     0  9849
 1982     0  3642
 1983     0  8478
 1984     0  5460
 1985     0  1019
 1986     0  9218
 1987     0  8230
 1988     0  2218
 1989     0  6453
 1990     0  9667
 1991     0  4336
 1992     0  3949
 1993     0  8931
 1994     0  8089
 1995     0  4588
 1996     0  1488
 1997     0  3449
 1998     0  4568
 1999     0  2566
 2000     0  6526
 2001     0  4272
 2002     0  5860
 2003     0  1883
 2004     0  5004
 2005     0  8731
 2006     0  6772
 2007     0  7080
 2008     0  6734
 2009     0   213
 2010     0  1259
 2011     0  4177
 2012     0  3270
 2013     0  4872
 2014     0  4006
 2015     0  9626
 2016     0  4424
 2017     0   940
 2018     0  9204
 2019     0  6150
 2020     0  8313
 2021     0   379
 2022     0  4159
 2023     0  9833
 2024     0  7205
 2025     0  7517
 2026     0  8025
 2027     0  5724
 2028     0  1951
 2029     0  5973
 2030     0  6721
 2031     0  3581
 2032     0  1635
 2033     0  2839
 2034     0  4293
 2035     0  2272
 2036     0   712
 2037     0  1412
 2038     0  3410
 2039     0  8839
 2040     0  8465
 2041     0  3492
 2042     0  3366
 2043     0  2553
 2044     0  7074
 2045     0  4718
 2046     0  4023
 2047     0   738
 2048     0  4416
 2049     0  8839
 2050     0  4764
 2051     0  6390
 2052     0  6049
 2053     0  7588
 2054     0  3817
 2055     0  7523
 2056     0  9507
 2057     0  1630
 2058     0   152
 2059     0   770
 2060     0  3256
 2061     0  9746
 2062     0  8562
 2063     0  5049
 2064     0  2495
 2065     0  8369
 2066     0  2414
 2067     0  9537
 2068     0  6078
 2069     0  1115
 2070     0   912
 2071     0  7215
 2072     0  8059
 2073     0  1971
 2074     0  4259
 2075     0  1602
 2076     0  9258
 2077     0  1551
 2078     0  3841
 2079     0    40
 2080     0  1137
 2081     0  8494
 2082     0  8590
 2083     0   252
 2084     0  7383
 2085     0  1158
 2086     0  2869
 2087     0  3072
 2088     0  4939
 2089     0  3177
 2090     0  6282
 2091     0  3667
 2092     0  2880
 2093     0  4483
 2094     0  2479
 2095     0  6815
 2096     0  2454
 2097     0    19
 2098     0  3730
 2099     0  7745
 2100     0  1556
 2101     0  8339
 2102     0  8195
 2103     0  4614
 2104     0  9409
 2105     0  1302
 2106     0  4580
 2107     0  4319
 2108     0  8099
 2109     0  4670
 2110     0  5913
 2111     0  6513
 2112     0   798
 2113     0  4566
 2114     0  8318
 2115     0    27
 2116     0  7790
 2117     0   322
 2118     0  4344
 2119     0  6645
 2120     0  4080
 2121     0  6210
 2122     0  4468
 2123     0  7841
 2124     0  6922
 2125     0  8925
 2126     0  5179
 2127     0  9521
 2128     0  6347
 2129     0   975
 2130     0  4231
 2131     0  5269
 2132     0  9597
 2133     0  6929
 2134     0  2607
 2135     0  4478
 2136     0  8903
 2137     0  1970
 2138     0  7310
 2139     0  9684
 2140     0  6223
 2141     0  5231
 2142     0  7010
 2143     0   673
 2144     0  2845
 2145     0  7348
 2146     0  5905
 2147     0  2232
 2148     0  2058
 2149     0  3727
 2150     0  7093
 2151     0  6597
 2152     0  4759
 2153     0  2397
 2154     0  7912
 2155     0  5539
 2156     0  2906
 2157     0  7907
 2158     0  6043
 2159     0  1892
 2160     0  7076
 2161     0   699
 2162     0  1552
 2163     0  5408
 2164     0  8670
 2165     0  6361
 2166     0  5671
 2167     0  5789
 2168     0  2353
 2169     0  3529
 2170     0  6837
 2171     0  5190
 2172     0  3012
 2173     0  1880
 2174     0  1889
 2175     0  2236
 2176     0  6912
 2177     0   715
 2178     0  6377
 2179     0  3718
 2180     0  3056
 2181     0  3439
 2182     0  5585
 2183     0  3814
 2184     0  8852
 2185     0  5902
 2186     0  8715
 2187     0  3658
 2188     0  6421
 2189     0  6410
 2190     0  5330
 2191     0  2412
 2192     0  2051
 2193     0  2090
 2194     0  9840
 2195     0   678
 2196     0  6697
 2197     0  3951
 2198     0  6848
 2199     0  8037
 2200     0  9826
 2201     0  6593
 2202     0  1198
 2203     0  7737
 2204     0  6341
 2205     0  5211
 2206     0  5274
 2207     0   134
 2208     0  7740
 2209     0  4847
 2210     0  5339
 2211     0  2490
 2212     0  7875
 2213     0  7095
 2214     0  2400
 2215     0  7435
 2216     0   603
 2217     0  7737
 2218     0  9474
 2219     0  6860
 2220     0  6126
 2221     0  6310
 2222     0  7973
 2223     0  9548
 2224     0  2973
 2225     0  7984
 2226     0  1581
 2227     0  3660
 2228     0  2788
 2229     0  4086
 2230     0  5629
 2231     0  8635
 2232     0  4799
 2233     0  4941
 2234     0  6475
 2235     0  9056
 2236     0  9959
 2237     0  9372
 2238     0    80
 2239     0  7650
 2240     0  8917
 2241     0  2964
 2242     0  4091
 2243     0  5735
 2244     0  9783
 2245     0   682
 2246     0  8773
 2247     0   151
 2248     0  5712
 2249     0  1283
 2250     0   655
 2251     0  1773
 2252     0  8953
 2253     0  5643
 2254     0  6279
 2255     0  9898
 2256     0  1701
 2257     0   817
 2258     0  9706
 2259     0  3269
 2260     0   147
 2261     0  3731
 2262     0  4355
 2263     0  3507
 2264     0  3100
 2265     0  9841
 2266     0  4498
 2267     0  2207
 2268     0  9261
 2269     0  2752
 2270     0  5591
 2271     0  5318
 2272     0  3630
 2273     0   126
 2274     0  3374
 2275     0  7153
 2276     0  2960
 2277     0  3101
 2278     0  8917
 2279     0   560
 2280     0  6406
 2281     0  1743
 2282     0  4759
 2283     0  4816
 2284     0  4618
 2285     0  5980
 2286     0  9981
 2287     0  5001
 2288     0  8641
 2289     0  6082
 2290     0  1131
 2291     0  4886
 2292     0   920
 2293     0  2377
 2294     0  6534
 2295     0  6465
 2296     0  1453
 2297     0  4753
 2298     0  5397
 2299     0   842
 2300     0  9051
 2301     0  5547
 2302     0  9301
 2303     0  2580
 2304     0  5197
 2305     0  8754
 2306     0  3910
 2307     0  7037
 2308     0   211
 2309     0   548
 2310     0  6851
 2311     0  5896
 2312     0  9042
 2313     0  8656
 2314     0  1919
 2315     0  6537
 2316     0  3030
 2317     0  4078
 2318     0  1674
 2319     0   540
 2320     0  8979
 2321     0  2597
 2322     0  9764
 2323     0  1314
 2324     0  4937
 2325     0   845
 2326     0  9656
 2327     0  6361
 2328     0  9590
 2329     0  2930
 2330     0  3337
 2331     0  7654
 2332     0  6997
 2333     0  3841
 2334     0  9643
 2335     0  1810
 2336     0  3652
 2337     0  8098
 2338     0  4632
 2339     0  8814
 2340     0  1827
 2341     0  8898
 2342     0   659
 2343     0  7237
 2344     0  6056
 2345     0  4236
 2346     0  3097
 2347     0  2397
 2348     0  8304
 2349     0  4468
 2350     0  6771
 2351     0  5160
 2352     0  9680
 2353     0  1168
 2354     0  6344
 2355     0  2189
 2356     0  9561
 2357     0  9123
 2358     0  1632
 2359     0  4783
 2360     0  4666
 2361     0  9991
 2362     0  7235
 2363     0  4775
 2364     0  9071
 2365     0   565
 2366     0  1327
 2367     0  1906
 2368     0  4824
 2369     0  7604
 2370     0  5001
 2371     0   233
 2372     0   948
 2373     0  9693
 2374     0  3851
 2375     0  5209
 2376     0  4780
 2377     0  8279
 2378     0  4603
 2379     0  7231
 2380     0  8380
 2381     0  2675
 2382     0  7084
 2383     0  4370
 2384     0   684
 2385     0  1814
 2386     0  7757
 2387     0  3276
 2388     0   605
 2389     0  2238
 2390     0  6304
 2391     0   710
 2392     0  7358
 2393     0  4931
 2394     0  8294
 2395     0  6879
 2396     0  9742
 2397     0  6492
 2398     0  8037
 2399     0  7081
 2400     0  1004
 2401     0  4347
 2402     0  7707
 2403     0  6417
 2404     0  9131
 2405     0  8582
 2406     0  7660
 2407     0  9801
 2408     0  7089
 2409     0  6195
 2410     0   455
 2411     0  4403
 2412     0   303
 2413     0  9247
 2414     0   680
 2415     0  1356
 2416     0  4970
 2417     0  7627
 2418     0  4934
 2419     0  7858
 2420     0  8951
 2421     0  6803
 2422     0  3404
 2423     0  9236
 2424     0  9446
 2425     0   572
 2426     0  3349
 2427     0  4485
 2428     0  5093
 2429     0  4586
 2430     0  8672
 2431     0  8748
 2432     0  3158
 2433     0  4235
 2434     0  2772
 2435     0  4859
 2436     0  4891
 2437     0  2788
 2438     0  1532
 2439     0  6345
 2440     0  8621
 2441     0  1861
 2442     0  1347
 2443     0  1342
 2444     0  1227
 2445     0  2779
 2446     0  4555
 2447     0  5595
 2448     0  2016
 2449     0  8963
 2450     0  1303
 2451     0  6260
 2452     0   941
 2453     0  9366
 2454     0  5833
 2455     0  1835
 2456     0  1190
 2457     0  9733
 2458     0  9622
 2459     0  1834
 2460     0  4345
 2461     0  3442
 2462     0  9893
 2463     0  1773
 2464     0  9192
 2465     0  1880
 2466     0  7430
 2467     0  6873
 2468     0  5160
 2469     0  4793
 2470     0   767
 2471     0  8173
 2472     0  5170
 2473     0  4402
 2474     0  7810
 2475     0  7060
 2476     0  1318
 2477     0  3628
 2478     0  1690
 2479     0  2019
 2480     0  8224
 2481     0  6146
 2482     0  6052
 2483     0  3685
 2484     0  5411
 2485     0  8138
 2486     0  4203
 2487     0  2593
 2488     0  4785
 2489     0  7202
 2490     0  6219
 2491     0  8500
 2492     0  6061
 2493     0  4089
 2494     0  6919
 2495     0  8433
 2496     0  1191
 2497     0  7063
 2498     0  4711
 2499     0  4514
 2500     0  2294
 2501     0  5865
 2502     0  6937
 2503     0  6393
 2504     0  3253
 2505     0  6269
 2506     0   103
 2507     0  5111
 2508     0  3316
 2509     0  6614
 2510     0  3625
 2511     0  5272
 2512     0  2639
 2513     0  6973
 2514     0   641
 2515     0  3609
 2516     0  8139
 2517     0  9236
 2518     0  3045
 2519     0  9496
 2520     0   316
 2521     0  2024
 2522     0  4218
 2523     0  2871
 2524     0  8293
 2525     0  2227
 2526     0  8747
 2527     0  7420
 2528     0  5879
 2529     0  7850
 2530     0   633
 2531     0  3127
 2532     0  6010
 2533     0  2170
 2534     0  7356
 2535     0  8224
 2536     0  8665
 2537     0  9722
 2538     0  8536
 2539     0  2189
 2540     0  6823
 2541     0  3597
 2542     0  6603
 2543     0  6286
 2544     0  1392
 2545     0    22
 2546     0   258
 2547     0  3957
 2548     0  3771
 2549     0  4536
 2550     0  9820
 2551     0  7221
 2552     0  4139
 2553     0  8281
 2554     0  4566
 2555     0  1238
 2556     0  4229
 2557     0  6531
 2558     0  4325
 2559     0  4449
 2560     0  5804
 2561     0  7735
 2562     0   786
 2563     0  6670
 2564     0  8983
 2565     0  1646
 2566     0   847
 2567     0  3272
 2568     0  8388
 2569     0  4605
 2570     0   632
 2571     0   394
 2572     0  7253
 2573     0  9508
 2574     0   405
 2575     0  8537
 2576     0   137
 2577     0  1955
 2578     0   283
 2579     0  2477
 2580     0   678
 2581     0  2969
 2582     0  6659
 2583     0  7692
 2584     0   706
 2585     0  7963
 2586     0   786
 2587     0  7829
 2588     0  7313
 2589     0   638
 2590     0  3143
 2591     0  3206
 2592     0  6713
 2593     0  1185
 2594     0   244
 2595     0  2187
 2596     0  5489
 2597     0  7129
 2598     0  9844
 2599     0  9300
 2600     0  5896
 2601     0  9114
 2602     0  8602
 2603     0  2305
 2604     0  4210
 2605     0  9199
 2606     0  9930
 2607     0  3916
 2608     0  1692
 2609     0  6839
 2610     0  9457
 2611     0  4899
 2612     0  4241
 2613     0  5452
 2614     0  1950
 2615     0  1185
 2616     0  2229
 2617     0   561
 2618     0  2212
 2619     0  5848
 2620     0  8222
 2621     0  1191
 2622     0  5032
 2623     0  8830
 2624     0  1747
 2625     0  6860
 2626     0  2869
 2627     0  9873
 2628     0  9245
 2629     0  5649
 2630     0  2575
 2631     0  9591
 2632     0  9818
 2633     0  9974
 2634     0  9204
 2635     0  7974
 2636     0  3584
 2637     0   452
 2638     0  5822
 2639     0  6397
 2640     0  5198
 2641     0  1350
 2642     0  9942
 2643     0  9597
 2644     0  2942
 2645     0  5013
 2646     0  2899
 2647     0  4392
 2648     0  6375
 2649     0  9343
 2650     0  1327
 2651     0  6756
 2652     0  8479
 2653     0   387
 2654     0  7066
 2655     0   924
 2656     0  1950
 2657     0   188
 2658     0  7464
 2659     0  4068
 2660     0  4286
 2661     0  8552
 2662     0  9573
 2663     0  6166
 2664     0  3294
 2665     0  8435
 2666     0  2137
 2667     0  2014
 2668     0  3557
 2669     0  7797
 2670     0   423
 2671     0  6254
 2672     0  1427
 2673     0  9300
 2674     0  4095
 2675     0   431
 2676     0  5715
 2677     0  1367
 2678     0  4403
 2679     0  6197
 2680     0  5453
 2681     0  4233
 2682     0  7735
 2683     0  5149
 2684     0  7001
 2685     0  1062
 2686     0  4145
 2687     0  8038
 2688     0  2782
 2689     0  8069
 2690     0  8848
 2691     0  4425
 2692     0   456
 2693     0  7810
 2694     0  8490
 2695     0  1878
 2696     0  6679
 2697     0  6503
 2698     0  2461
 2699     0  5308
 2700     0  9844
 2701     0  9798
 2702     0  2070
 2703     0  8437
 2704     0  9599
 2705     0  3798
 2706     0  9888
 2707     0  7036
 2708     0  9395
 2709     0  2583
 2710     0  9733
 2711     0   412
 2712     0   795
 2713     0  4195
 2714     0  6368
 2715     0  1878
 2716     0  4094
 2717     0  4388
 2718     0  4114
 2719     0  5438
 2720     0  3046
 2721     0  7532
 2722     0  5795
 2723     0  8003
 2724     0  5583
 2725     0  1268
 2726     0  4321
 2727     0  7417
 2728     0  2714
 2729     0  6277
 2730     0  5332
 2731     0  2229
 2732     0   257
 2733     0  4445
 2734     0  1906
 2735     0  3380
 2736     0  1301
 2737     0  6974
 2738     0  1277
 2739     0  4248
 2740     0  3651
 2741     0  9433
 2742     0   218
 2743     0 10000
 2744     0  5109
 2745     0  9874
 2746     0   558
 2747     0  9939
 2748     0  8388
 2749     0  3760
 2750     0  9121
 2751     0  2473
 2752     0  7372
 2753     0  3811
 2754     0   228
 2755     0  7766
 2756     0  3208
 2757     0  2306
 2758     0  1326
 2759     0  3556
 2760     0   572
 2761     0  9521
 2762     0  2050
 2763     0  4364
 2764     0  6753
 2765     0  2460
 2766     0  8077
 2767     0  9136
 2768     0  2266
 2769     0  5458
 2770     0  7227
 2771     0  9784
 2772     0  2502
 2773     0  7648
 2774     0  1337
 2775     0  1783
 2776     0    31
 2777     0  1960
 2778     0  4629
 2779     0  4137
 2780     0  1215
 2781     0  8591
 2782     0  4353
 2783     0  6875
 2784     0  8274
 2785     0  1440
 2786     0  2343
 2787     0  2263
 2788     0  8758
 2789     0  3040
 2790     0  6838
 2791     0  3835
 2792     0   478
 2793     0  4943
 2794     0  5595
 2795     0  9749
 2796     0  1255
 2797     0  4263
 2798     0  4331
 2799     0  9597
 2800     0  9362
 2801     0  8005
 2802     0  1084
 2803     0  1999
 2804     0  6016
 2805     0   161
 2806     0  1459
 2807     0  8035
 2808     0  4220
 2809     0   891
 2810     0  7016
 2811     0  4459
 2812     0  4865
 2813     0  6996
 2814     0  5719
 2815     0  9592
 2816     0  5292
 2817     0  2054
 2818     0  6175
 2819     0  6985
 2820     0   461
 2821     0  6401
 2822     0  2301
 2823     0  3298
 2824     0  2759
 2825     0  7459
 2826     0  5715
 2827     0  3077
 2828     0  7207
 2829     0  6611
 2830     0  4129
 2831     0  4159
 2832     0  3681
 2833     0  3467
 2834     0  2261
 2835     0  8737
 2836     0  5893
 2837     0   895
 2838     0  2399
 2839     0  5049
 2840     0  1377
 2841     0   382
 2842     0  8189
 2843     0  2285
 2844     0  7360
 2845     0  8388
 2846     0  3014
 2847     0  1972
 2848     0  5728
 2849     0  4265
 2850     0  7314
 2851     0  7729
 2852     0  2225
 2853     0   810
 2854     0   534
 2855     0  4973
 2856     0  1914
 2857     0  8818
 2858     0  8094
 2859     0  3295
 2860     0  8549
 2861     0  6532
 2862     0  4674
 2863     0  6058
 2864     0  3434
 2865     0  1736
 2866     0  9211
 2867     0  5187
 2868     0  2986
 2869     0  4896
 2870     0   863
 2871     0  3998
 2872     0  8802
 2873     0  4997
 2874     0  8279
 2875     0  7476
 2876     0  2031
 2877     0  2259
 2878     0  5810
 2879     0  3475
 2880     0  5968
 2881     0  8494
 2882     0  1187
 2883     0  4130
 2884     0  6791
 2885     0  1151
 2886     0  3190
 2887     0   639
 2888     0  2410
 2889     0  3855
 2890     0  6592
 2891     0  9480
 2892     0  8886
 2893     0   478
 2894     0  1875
 2895     0   386
 2896     0  3763
 2897     0  8672
 2898     0  8352
 2899     0  8361
 2900     0  5058
 2901     0  1894
 2902     0  9815
 2903     0  1460
 2904     0  6562
 2905     0  6148
 2906     0  8571
 2907     0  6660
 2908     0  6322
 2909     0  8628
 2910     0  6465
 2911     0  6329
 2912     0  4418
 2913     0  1975
 2914     0  6198
 2915     0  4001
 2916     0  3554
 2917     0  9507
 2918     0   656
 2919     0  4750
 2920     0  4108
 2921     0  8109
 2922     0  1453
 2923     0  4915
 2924     0   909
 2925     0  9700
 2926     0  1576
 2927     0  8075
 2928     0  3646
 2929     0  5896
 2930     0  5114
 2931     0  4229
 2932     0  9313
 2933     0  6085
 2934     0  1692
 2935     0  4144
 2936     0  4759
 2937     0  7536
 2938     0  3643
 2939     0  5919
 2940     0  4462
 2941     0  7516
 2942     0  7860
 2943     0  2473
 2944     0  6904
 2945     0  6025
 2946     0   959
 2947     0  7025
 2948     0  6663
 2949     0  7611
 2950     0  1209
 2951     0  8044
 2952     0  6564
 2953     0  4722
 2954     0  4233
 2955     0  4980
 2956     0   478
 2957     0  5563
 2958     0  1716
 2959     0  7672
 2960     0  1616
 2961     0   914
 2962     0   107
 2963     0   541
 2964     0  5979
 2965     0  4882
 2966     0  2466
 2967     0  3142
 2968     0  3971
 2969     0  7259
 2970     0    76
 2971     0  1035
 2972     0  4886
 2973     0  4543
 2974     0  4498
 2975     0  5689
 2976     0  8150
 2977     0  1721
 2978     0  7442
 2979     0  1142
 2980     0  4136
 2981     0  5530
 2982     0    36
 2983     0  3503
 2984     0  4037
 2985     0  4450
 2986     0  2344
 2987     0  3248
 2988     0  5550
 2989     0  4599
 2990     0  5355
 2991     0  5919
 2992     0  3980
 2993     0  5636
 2994     0  6473
 2995     0  4181
 2996     0  3957
 2997     0  3873
 2998     0  9324
 2999     0  6154
 3000     0  2859
 3001     0  8427
 3002     0  7570
 3003     0  8604
 3004     0  3294
 3005     0  7313
 3006     0  9260
 3007     0  2363
 3008     0  6674
 3009     0  9594
 3010     0  6339
 3011     0  1813
 3012     0  7259
 3013     0  3829
 3014     0  7382
 3015     0  1049
 3016     0  4660
 3017     0  7791
 3018     0  8430
 3019     0  8554
 3020     0  9760
 3021     0  3499
 3022     0  3682
 3023     0  4226
 3024     0  2664
 3025     0  5345
 3026     0  2358
 3027     0   432
 3028     0  2114
 3029     0   758
 3030     0   142
 3031     0    64
 3032     0    19
 3033     0  1843
 3034     0  6753
 3035     0  3637
 3036     0  3163
 3037     0  9941
 3038     0  8121
 3039     0   965
 3040     0  2094
 3041     0   448
 3042     0  7398
 3043     0  5857
 3044     0  5587
 3045     0  1968
 3046     0  2098
 3047     0  6351
 3048     0  3142
 3049     0  3758
 3050     0   303
 3051     0  1351
 3052     0  8968
 3053     0  3980
 3054     0  3533
 3055     0  6662
 3056     0  2982
 3057     0  3357
 3058     0  4568
 3059     0  6914
 3060     0  2519
 3061     0  4548
 3062     0  9277
 3063     0  9723
 3064     0  4622
 3065     0    23
 3066     0  7517
 3067     0  8170
 3068     0  4720
 3069     0  6351
 3070     0  8635
 3071     0  3113
 3072     0  5055
 3073     0  4783
 3074     0  9263
 3075     0  2766
 3076     0  1285
 3077     0  6527
 3078     0  4189
 3079     0  1206
 3080     0  7628
 3081     0  2644
 3082     0  3007
 3083     0  7258
 3084     0  5290
 3085     0  2861
 3086     0  6655
 3087     0  5728
 3088     0  7387
 3089     0  5069
 3090     0  4641
 3091     0  2128
 3092     0  6742
 3093     0  7392
 3094     0  9741
 3095     0  6145
 3096     0  7793
 3097     0  5051
 3098     0  5802
 3099     0  8112
 3100     0  4897
 3101     0  7253
 3102     0  8262
 3103     0  1340
 3104     0  1193
 3105     0  7932
 3106     0  8882
 3107     0  6817
 3108     0  8131
 3109     0  2965
 3110     0  7482
 3111     0  2480
 3112     0  4573
 3113     0  2724
 3114     0  1443
 3115     0   839
 3116     0  2203
 3117     0  8500
 3118     0  9965
 3119     0  7746
 3120     0  8075
 3121     0  7811
 3122     0  8807
 3123     0  1373
 3124     0  6805
 3125     0  2605
 3126     0  2513
 3127     0  7252
 3128     0  5472
 3129     0  3172
 3130     0  2797
 3131     0  8394
 3132     0  6690
 3133     0  3177
 3134     0  7295
 3135     0  2098
 3136     0  8784
 3137     0  6377
 3138     0  8532
 3139     0  9486
 3140     0  7155
 3141     0   855
 3142     0  2110
 3143     0  6290
 3144     0  7884
 3145     0  8130
 3146     0  4173
 3147     0   355
 3148     0  8078
 3149     0  7842
 3150     0  4714
 3151     0  5233
 3152     0  6633
 3153     0   101
 3154     0  8477
 3155     0  2686
 3156     0  8119
 3157     0   736
 3158     0  8718
 3159     0  9930
 3160     0  2015
 3161     0  9700
 3162     0  4472
 3163     0  9069
 3164     0  2328
 3165     0  6607
 3166     0   793
 3167     0  2879
 3168     0  2199
 3169     0  9916
 3170     0  6999
 3171     0  9960
 3172     0  5177
 3173     0  4408
 3174     0  2525
 3175     0  1679
 3176     0  5948
 3177     0  7138
 3178     0   498
 3179     0  5185
 3180     0  3495
 3181     0   782
 3182     0  4890
 3183     0  6049
 3184     0  8906
 3185     0  8453
 3186     0  9334
 3187     0  6630
 3188     0  6385
 3189     0  6429
 3190     0  3399
 3191     0   853
 3192     0  4338
 3193     0   545
 3194     0  1520
 3195     0   651
 3196     0  3829
 3197     0  4765
 3198     0  1481
 3199     0  7159
 3200     0  8099
 3201     0  5000
 3202     0  5680
 3203     0  2179
 3204     0  8087
 3205     0  4717
 3206     0  1802
 3207     0  5885
 3208     0  3890
 3209     0  7032
 3210     0  8839
 3211     0   838
 3212     0  3339
 3213     0  4186
 3214     0   883
 3215     0   470
 3216     0  4067
 3217     0  8185
 3218     0  3544
 3219     0  6921
 3220     0  6357
 3221     0  2376
 3222     0  9457
 3223     0  6986
 3224     0   444
 3225     0  5934
 3226     0  1642
 3227     0  2171
 3228     0  1152
 3229     0  8645
 3230     0  7059
 3231     0  8046
 3232     0  6616
 3233     0  5681
 3234     0  5059
 3235     0  1043
 3236     0  7987
 3237     0  8234
 3238     0  1353
 3239     0  9103
 3240     0  6530
 3241     0  7496
 3242     0   958
 3243     0  8389
 3244     0  3613
 3245     0  5931
 3246     0  6838
 3247     0   579
 3248     0  8085
 3249     0  8132
 3250     0  6086
 3251     0  4908
 3252     0  4569
 3253     0  6772
 3254     0   479
 3255     0  5677
 3256     0  7683
 3257     0  5343
 3258     0  9400
 3259     0  6703
 3260     0  1370
 3261     0   139
 3262     0  3882
 3263     0  4344
 3264     0  5146
 3265     0  9387
 3266     0  8116
 3267     0  6909
 3268     0  7760
 3269     0  9539
 3270     0  3407
 3271     0  5304
 3272     0  6447
 3273     0  1655
 3274     0  9388
 3275     0  1378
 3276     0  3041
 3277     0  5092
 3278     0  1658
 3279     0  2862
 3280     0  4119
 3281     0  8411
 3282     0  5028
 3283     0  1362
 3284     0  9457
 3285     0  3397
 3286     0  8198
 3287     0  4290
 3288     0  7017
 3289     0  8152
 3290     0  8432
 3291     0  9611
 3292     0  5321
 3293     0  7173
 3294     0  3427
 3295     0  6137
 3296     0  8205
 3297     0  3946
 3298     0   344
 3299     0  7365
 3300     0  8563
 3301     0   475
 3302     0  4304
 3303     0  9982
 3304     0    47
 3305     0   920
 3306     0   694
 3307     0  2802
 3308     0  2091
 3309     0  1066
 3310     0  8961
 3311     0  8778
 3312     0  3644
 3313     0  5744
 3314     0  5109
 3315     0  6464
 3316     0  8959
 3317     0  3313
 3318     0  8969
 3319     0  3341
 3320     0  9042
 3321     0  4685
 3322     0  3108
 3323     0  3331
 3324     0  3648
 3325     0  4085
 3326     0  4049
 3327     0  4676
 3328     0  4228
 3329     0  3091
 3330     0  4929
 3331     0  5534
 3332     0  8527
 3333     0  8166
 3334     0  5967
 3335     0  2051
 3336     0  3316
 3337     0  3966
 3338     0  5582
 3339     0  4841
 3340     0  5840
 3341     0  2625
 3342     0  2575
 3343     0  1114
 3344     0  4503
 3345     0  1016
 3346     0  8911
 3347     0  9113
 3348     0  9305
 3349     0  2826
 3350     0  2989
 3351     0  3506
 3352     0  6836
 3353     0  4738
 3354     0  3369
 3355     0  7564
 3356     0  5587
 3357     0  7455
 3358     0  8232
 3359     0  2735
 3360     0   452
 3361     0  2264
 3362     0   900
 3363     0  7548
 3364     0  6952
 3365     0  3738
 3366     0    81
 3367     0  9853
 3368     0   995
 3369     0  8575
 3370     0  7562
 3371     0   569
 3372     0   739
 3373     0   365
 3374     0  3705
 3375     0  5620
 3376     0  7005
 3377     0  4264
 3378     0  7557
 3379     0  6193
 3380     0  7490
 3381     0  4021
 3382     0  4294
 3383     0  4373
 3384     0  1361
 3385     0  1084
 3386     0   900
 3387     0  4250
 3388     0  9047
 3389     0  5288
 3390     0  6205
 3391     0  9132
 3392     0   145
 3393     0  1151
 3394     0  1846
 3395     0  6419
 3396     0   658
 3397     0  6521
 3398     0  5849
 3399     0  6974
 3400     0  3680
 3401     0  6655
 3402     0  1148
 3403     0  6648
 3404     0  5096
 3405     0  2737
 3406     0  8210
 3407     0   298
 3408     0  8690
 3409     0  9187
 3410     0  1019
 3411     0  1981
 3412     0  6831
 3413     0  6965
 3414     0  2679
 3415     0  8954
 3416     0  5726
 3417     0  3166
 3418     0  7528
 3419     0  5248
 3420     0  8015
 3421     0  1636
 3422     0  8564
 3423     0  6560
 3424     0  6847
 3425     0  5563
 3426     0  7721
 3427     0  6024
 3428     0  5009
 3429     0  7896
 3430     0  8700
 3431     0  3803
 3432     0  6446
 3433     0  4016
 3434     0  6858
 3435     0  3274
 3436     0  1699
 3437     0  3714
 3438     0  8271
 3439     0  4449
 3440     0  9977
 3441     0  5229
 3442     0   533
 3443     0  1280
 3444     0  7154
 3445     0  5423
 3446     0  2756
 3447     0  8868
 3448     0  1871
 3449     0  2124
 3450     0  5912
 3451     0  1970
 3452     0  5727
 3453     0  8231
 3454     0  7968
 3455     0  9935
 3456     0  7569
 3457     0  7808
 3458     0  6163
 3459     0  7023
 3460     0   618
 3461     0  5210
 3462     0   685
 3463     0  8088
 3464     0  3650
 3465     0  4151
 3466     0  4807
 3467     0   770
 3468     0  2393
 3469     0  7555
 3470     0  2276
 3471     0  3613
 3472     0  9304
 3473     0  9866
 3474     0  7911
 3475     0  6223
 3476     0  5233
 3477     0  3303
 3478     0  3042
 3479     0  7305
 3480     0  3400
 3481     0  3306
 3482     0  5162
 3483     0  6900
 3484     0  7051
 3485     0  6964
 3486     0  1734
 3487     0  4397
 3488     0  1933
 3489     0  2898
 3490     0  3366
 3491     0    59
 3492     0  2016
 3493     0  2628
 3494     0  8177
 3495     0  1225
 3496     0  3360
 3497     0   537
 3498     0  8742
 3499     0   612
 3500     0  3725
 3501     0  2633
 3502     0  2868
 3503     0  3314
 3504     0  5489
 3505     0   478
 3506     0  2501
 3507     0  5981
 3508     0  3632
 3509     0  1904
 3510     0  1365
 3511     0  9819
 3512     0  7196
 3513     0   108
 3514     0   496
 3515     0  5179
 3516     0  4744
 3517     0  3152
 3518     0  7145
 3519     0  5598
 3520     0  8501
 3521     0  1349
 3522     0  9880
 3523     0    80
 3524     0   248
 3525     0  4762
 3526     0  8683
 3527     0  5314
 3528     0  3500
 3529     0  5513
 3530     0  1389
 3531     0  1205
 3532     0  5620
 3533     0  8584
 3534     0  3091
 3535     0  9652
 3536     0  9721
 3537     0   894
 3538     0  5859
 3539     0  9198
 3540     0  9665
 3541     0  6143
 3542     0  8416
 3543     0  4671
 3544     0  8481
 3545     0  5302
 3546     0  4320
 3547     0  3611
 3548     0  5865
 3549     0  7631
 3550     0  2126
 3551     0  1526
 3552     0  9757
 3553     0   526
 3554     0  5963
 3555     0  2403
 3556     0  3781
 3557     0  7231
 3558     0   240
 3559     0  7830
 3560     0   330
 3561     0  2283
 3562     0  7518
 3563     0  1864
 3564     0  3824
 3565     0   755
 3566     0  8935
 3567     0  3159
 3568     0    51
 3569     0   220
 3570     0  2309
 3571     0  7447
 3572     0  1018
 3573     0  7800
 3574     0  5863
 3575     0  3833
 3576     0  1001
 3577     0  1805
 3578     0  6749
 3579     0  8791
 3580     0  6658
 3581     0  3412
 3582     0  9577
 3583     0  4857
 3584     0  1579
 3585     0  5408
 3586     0  5509
 3587     0  9895
 3588     0  4154
 3589     0  6360
 3590     0  9923
 3591     0  8827
 3592     0   397
 3593     0  9971
 3594     0  4687
 3595     0  6961
 3596     0  7959
 3597     0  3519
 3598     0  3617
 3599     0  2335
 3600     0  5637
 3601     0  8238
 3602     0  2623
 3603     0  7883
 3604     0  4174
 3605     0  4222
 3606     0  9775
 3607     0  9886
 3608     0  1608
 3609     0  4708
 3610     0  9306
 3611     0  3475
 3612     0  3000
 3613     0  3876
 3614     0  8957
 3615     0  2123
 3616     0  8641
 3617     0  4127
 3618     0   472
 3619     0  8384
 3620     0  3726
 3621     0  6745
 3622     0  3305
 3623     0  1284
 3624     0  6714
 3625     0  3429
 3626     0  2643
 3627     0  3685
 3628     0  1708
 3629     0  2512
 3630     0  4631
 3631     0  9503
 3632     0  3489
 3633     0  6599
 3634     0  1829
 3635     0  5983
 3636     0  7746
 3637     0  9462
 3638     0  8732
 3639     0  8992
 3640     0  1732
 3641     0  6270
 3642     0  2669
 3643     0  9491
 3644     0  7422
 3645     0  7282
 3646     0  5054
 3647     0   831
 3648     0  6900
 3649     0  1167
 3650     0  4682
 3651     0  2115
 3652     0  1666
 3653     0   661
 3654     0  1957
 3655     0  6564
 3656     0  1109
 3657     0  8934
 3658     0  9454
 3659     0  3608
 3660     0  4964
 3661     0  9513
 3662     0  7933
 3663     0  9053
 3664     0  2140
 3665     0  7659
 3666     0  9195
 3667     0  4646
 3668     0  4024
 3669     0  8164
 3670     0  2657
 3671     0  9763
 3672     0  3231
 3673     0  5825
 3674     0  2169
 3675     0  7949
 3676     0  9128
 3677     0  8355
 3678     0  9537
 3679     0  8811
 3680     0  2264
 3681     0  8164
 3682     0    46
 3683     0  4851
 3684     0  3004
 3685     0  6289
 3686     0  1900
 3687     0  1392
 3688     0   802
 3689     0  9224
 3690     0  8068
 3691     0  2460
 3692     0  2450
 3693     0  9903
 3694     0  3126
 3695     0  4347
 3696     0  6058
 3697     0  2638
 3698     0  1398
 3699     0  8101
 3700     0  4486
 3701     0  4587
 3702     0  4451
 3703     0  2797
 3704     0   335
 3705     0   881
 3706     0  8162
 3707     0  2210
 3708     0  4106
 3709     0  5243
 3710     0  8745
 3711     0  5969
 3712     0  7969
 3713     0  1298
 3714     0  9432
 3715     0  7253
 3716     0  4159
 3717     0  8593
 3718     0  5634
 3719     0  3453
 3720     0  6565
 3721     0   657
 3722     0  7016
 3723     0    72
 3724     0  3610
 3725     0  7222
 3726     0  8503
 3727     0  4319
 3728     0  2511
 3729     0  1061
 3730     0  9752
 3731     0  5694
 3732     0  9055
 3733     0  4384
 3734     0  2469
 3735     0  8801
 3736     0  5829
 3737     0  3136
 3738     0  9692
 3739     0  6536
 3740     0  9177
 3741     0  8958
 3742     0  5211
 3743     0  6647
 3744     0  4499
 3745     0  4526
 3746     0  9115
 3747     0    28
 3748     0  5984
 3749     0   904
 3750     0  7818
 3751     0  8509
 3752     0  5233
 3753     0  8884
 3754     0  1424
 3755     0  7565
 3756     0  8976
 3757     0  7601
 3758     0  4371
 3759     0  3323
 3760     0  5406
 3761     0  9522
 3762     0  3334
 3763     0  3192
 3764     0  3784
 3765     0  6103
 3766     0  5676
 3767     0  6451
 3768     0  6168
 3769     0  2867
 3770     0  8427
 3771     0  5602
 3772     0  3432
 3773     0  2783
 3774     0  3531
 3775     0  3311
 3776     0  8337
 3777     0  3994
 3778     0  1677
 3779     0  4172
 3780     0  1537
 3781     0  1051
 3782     0  9000
 3783     0  4389
 3784     0  6379
 3785     0  1237
 3786     0  9103
 3787     0  4721
 3788     0  5785
 3789     0  8597
 3790     0  8943
 3791     0  1492
 3792     0  4412
 3793     0  6331
 3794     0  1572
 3795     0  1380
 3796     0  7828
 3797     0  6259
 3798     0  9771
 3799     0   726
 3800     0  8939
 3801     0  1055
 3802     0  8594
 3803     0   501
 3804     0  9019
 3805     0  1459
 3806     0  5500
 3807     0  1790
 3808     0  1376
 3809     0  1004
 3810     0  4689
 3811     0   634
 3812     0  6776
 3813     0  7117
 3814     0  9474
 3815     0  4601
 3816     0  1575
 3817     0  4808
 3818     0  6953
 3819     0  5544
 3820     0  1143
 3821     0  1542
 3822     0  2510
 3823     0  6590
 3824     0  8221
 3825     0  1827
 3826     0  4615
 3827     0  3817
 3828     0   599
 3829     0   617
 3830     0  8567
 3831     0    32
 3832     0  6545
 3833     0  9879
 3834     0  2727
 3835     0  6692
 3836     0  7558
 3837     0  6685
 3838     0  2307
 3839     0  6088
 3840     0  4564
 3841     0  7911
 3842     0  6331
 3843     0  3546
 3844     0   568
 3845     0   580
 3846     0  3881
 3847     0  7997
 3848     0   649
 3849     0  3937
 3850     0  9746
 3851     0  3988
 3852     0  5393
 3853     0  7351
 3854     0  3237
 3855     0  3661
 3856     0   517
 3857     0  3630
 3858     0  9521
 3859     0  8360
 3860     0  8213
 3861     0  8908
 3862     0  2820
 3863     0  9203
 3864     0  3199
 3865     0  4479
 3866     0  8813
 3867     0  9251
 3868     0  4014
 3869     0  4162
 3870     0  6803
 3871     0  1905
 3872     0   448
 3873     0  7167
 3874     0  2207
 3875     0   862
 3876     0  2086
 3877     0  6369
 3878     0  3123
 3879     0  6181
 3880     0  1220
 3881     0  1765
 3882     0   158
 3883     0  4251
 3884     0  1944
 3885     0  4909
 3886     0   424
 3887     0   645
 3888     0  6311
 3889     0  7568
 3890     0  1399
 3891     0  7847
 3892     0  1059
 3893     0  9538
 3894     0  5253
 3895     0  9540
 3896     0  6233
 3897     0  5099
 3898     0  2312
 3899     0  6423
 3900     0   790
 3901     0  4246
 3902     0  4849
 3903     0  7165
 3904     0  8202
 3905     0  1544
 3906     0  3552
 3907     0  5052
 3908     0  7653
 3909     0  1131
 3910     0   788
 3911     0  2372
 3912     0   893
 3913     0  6471
 3914     0   113
 3915     0  6625
 3916     0  6498
 3917     0  6684
 3918     0  8442
 3919     0  6378
 3920     0  1929
 3921     0  3534
 3922     0  5086
 3923     0  8073
 3924     0  7012
 3925     0  8540
 3926     0  8318
 3927     0  5671
 3928     0  6258
 3929     0  2127
 3930     0   524
 3931     0  1412
 3932     0  6579
 3933     0  6972
 3934     0  7424
 3935     0  3823
 3936     0  6468
 3937     0  4663
 3938     0  1364
 3939     0  5784
 3940     0  3081
 3941     0  7588
 3942     0   399
 3943     0  4496
 3944     0  9896
 3945     0  6170
 3946     0  7151
 3947     0  6153
 3948     0  4626
 3949     0  2199
 3950     0  4367
 3951     0  9152
 3952     0  1837
 3953     0  5258
 3954     0  1640
 3955     0  3283
 3956     0  2124
 3957     0   289
 3958     0  5572
 3959     0  6608
 3960     0  3408
 3961     0  2463
 3962     0  7358
 3963     0  5180
 3964     0  9895
 3965     0  2329
 3966     0  2884
 3967     0  2221
 3968     0  1523
 3969     0  7294
 3970     0  5438
 3971     0  7125
 3972     0  6278
 3973     0   625
 3974     0    25
 3975     0  2427
 3976     0  2729
 3977     0  5796
 3978     0  3996
 3979     0  4151
 3980     0  4956
 3981     0  8867
 3982     0   188
 3983     0  2122
 3984     0  2519
 3985     0  1370
 3986     0  9035
 3987     0  8840
 3988     0  3311
 3989     0  8115
 3990     0  1195
 3991     0  1875
 3992     0  7829
 3993     0  8912
 3994     0  4784
 3995     0  2085
 3996     0  2904
 3997     0  5969
 3998     0  8099
 3999     0  6714
 4000     0  2443
 4001     0  3971
 4002     0  4738
 4003     0  6743
 4004     0  3713
 4005     0  4198
 4006     0  3109
 4007     0  6635
 4008     0   388
 4009     0  8041
 4010     0  3836
 4011     0   640
 4012     0  6261
 4013     0  9731
 4014     0  6693
 4015     0   222
 4016     0  3453
 4017     0  7536
 4018     0   489
 4019     0  3165
 4020     0  8514
 4021     0  8311
 4022     0  4070
 4023     0  9124
 4024     0  7334
 4025     0   773
 4026     0  6711
 4027     0  1923
 4028     0  2634
 4029     0  8280
 4030     0  5135
 4031     0  9257
 4032     0  2271
 4033     0  9961
 4034     0  6452
 4035     0  3267
 4036     0   669
 4037     0  5238
 4038     0  1128
 4039     0  3810
 4040     0  2284
 4041     0  8171
 4042     0  3524
 4043     0  3288
 4044     0   143
 4045     0  9389
 4046     0   989
 4047     0  7566
 4048     0  4994
 4049     0  9074
 4050     0  2280
 4051     0  9813
 4052     0  4392
 4053     0  4049
 4054     0  4473
 4055     0  3175
 4056     0  8231
 4057     0  4754
 4058     0  5895
 4059     0  8457
 4060     0  6943
 4061     0  8897
 4062     0  1548
 4063     0  2512
 4064     0  2677
 4065     0  2068
 4066     0   840
 4067     0   236
 4068     0  5358
 4069     0  7574
 4070     0  3541
 4071     0  3893
 4072     0   758
 4073     0  5615
 4074     0  1542
 4075     0  1857
 4076     0  6689
 4077     0  1538
 4078     0  5016
 4079     0  9072
 4080     0  9721
 4081     0  8292
 4082     0  6618
 4083     0  4916
 4084     0  5958
 4085     0  2804
 4086     0  6265
 4087     0  4656
 4088     0  1547
 4089     0  4379
 4090     0  1252
 4091     0  7067
 4092     0  2605
 4093     0  7280
 4094     0  3263
 4095     0  5361
 4096     0  4735
 4097     0  8984
 4098     0   178
 4099     0  7271
 4100     0  1416
 4101     0  6489
 4102     0  9441
 4103     0  1256
 4104     0  3398
 4105     0  3882
 4106     0  2007
 4107     0  8225
 4108     0  3004
 4109     0  5529
 4110     0  2027
 4111     0  3510
 4112     0  1639
 4113     0  5000
 4114     0  9413
 4115     0  2191
 4116     0  5502
 4117     0  1813
 4118     0  7226
 4119     0  2898
 4120     0  4327
 4121     0  2420
 4122     0  1170
 4123     0  3470
 4124     0   711
 4125     0   619
 4126     0  2123
 4127     0  5377
 4128     0  2946
 4129     0  5465
 4130     0  3623
 4131     0  6887
 4132     0  3312
 4133     0  7764
 4134     0  4736
 4135     0  1055
 4136     0  7008
 4137     0  3727
 4138     0  9915
 4139     0  2844
 4140     0  2022
 4141     0  2644
 4142     0  8650
 4143     0  6181
 4144     0  8831
 4145     0  7171
 4146     0  8508
 4147     0  1545
 4148     0  4534
 4149     0  2439
 4150     0  8415
 4151     0  6547
 4152     0  8896
 4153     0  6417
 4154     0  8982
 4155     0  5205
 4156     0  4193
 4157     0   500
 4158     0  2389
 4159     0  5332
 4160     0  2801
 4161     0  7820
 4162     0  3337
 4163     0   416
 4164     0  6489
 4165     0  9243
 4166     0  3733
 4167     0  7854
 4168     0  1271
 4169     0    66
 4170     0  5942
 4171     0  1236
 4172     0  5954
 4173     0   568
 4174     0  5048
 4175     0  3969
 4176     0  4919
 4177     0  5706
 4178     0  1394
 4179     0  2295
 4180     0  4881
 4181     0  7167
 4182     0  9917
 4183     0  4773
 4184     0  6375
 4185     0  6279
 4186     0  7010
 4187     0  8661
 4188     0  6448
 4189     0  7727
 4190     0  8128
 4191     0  5838
 4192     0  2530
 4193     0  2404
 4194     0  6541
 4195     0  6743
 4196     0  2311
 4197     0  3234
 4198     0  5316
 4199     0  7529
 4200     0  9473
 4201     0  1191
 4202     0  4381
 4203     0  8832
 4204     0  3652
 4205     0  8537
 4206     0  5002
 4207     0  6366
 4208     0  1137
 4209     0  4880
 4210     0  4349
 4211     0  2940
 4212     0   100
 4213     0  3745
 4214     0  4663
 4215     0  9037
 4216     0    67
 4217     0  7672
 4218     0  8443
 4219     0  9809
 4220     0  8295
 4221     0  9682
 4222     0  5217
 4223     0  2979
 4224     0  1911
 4225     0  5300
 4226     0  4359
 4227     0  8511
 4228     0  5855
 4229     0  8732
 4230     0  7298
 4231     0  8868
 4232     0  1616
 4233     0  3618
 4234     0  3330
 4235     0  6769
 4236     0  8160
 4237     0  4186
 4238     0  8803
 4239     0  1584
 4240     0    50
 4241     0  5832
 4242     0  8208
 4243     0  2716
 4244     0  1585
 4245     0  5472
 4246     0   530
 4247     0  6272
 4248     0  2951
 4249     0  7498
 4250     0  7654
 4251     0  2365
 4252     0  6986
 4253     0  7583
 4254     0  6812
 4255     0  7479
 4256     0   805
 4257     0  6898
 4258     0  4699
 4259     0  9133
 4260     0  8500
 4261     0  1646
 4262     0   643
 4263     0  2915
 4264     0  5544
 4265     0    55
 4266     0  8970
 4267     0  3213
 4268     0  8987
 4269     0  6623
 4270     0  6888
 4271     0  6875
 4272     0  1646
 4273     0  9513
 4274     0  8398
 4275     0  3356
 4276     0  8510
 4277     0  9586
 4278     0  8625
 4279     0  8016
 4280     0  8694
 4281     0  7984
 4282     0  2933
 4283     0  1422
 4284     0  4493
 4285     0  5354
 4286     0  8020
 4287     0  5214
 4288     0  1104
 4289     0  5890
 4290     0  9230
 4291     0  8212
 4292     0  7962
 4293     0  4027
 4294     0  1050
 4295     0  3769
 4296     0  2351
 4297     0  5835
 4298     0  7498
 4299     0   232
 4300     0  1864
 4301     0   254
 4302     0  7228
 4303     0  6642
 4304     0  4713
 4305     0  3476
 4306     0  6077
 4307     0  9919
 4308     0  3407
 4309     0  1912
 4310     0  3497
 4311     0  4754
 4312     0  3269
 4313     0  2734
 4314     0  4029
 4315     0  8967
 4316     0  4197
 4317     0  2041
 4318     0   398
 4319     0  9259
 4320     0  4747
 4321     0  9926
 4322     0  4386
 4323     0  8840
 4324     0  3125
 4325     0  9544
 4326     0   411
 4327     0   908
 4328     0  2359
 4329     0   225
 4330     0  3844
 4331     0  8069
 4332     0  9580
 4333     0  2121
 4334     0  7108
 4335     0  6523
 4336     0  8838
 4337     0  3678
 4338     0  5408
 4339     0  3593
 4340     0  9814
 4341     0  6665
 4342     0  1421
 4343     0  4314
 4344     0  8999
 4345     0  5992
 4346     0  7507
 4347     0  9596
 4348     0  9557
 4349     0  1358
 4350     0  5645
 4351     0  1524
 4352     0   571
 4353     0   163
 4354     0  5532
 4355     0  4942
 4356     0  4426
 4357     0   537
 4358     0  7387
 4359     0  9182
 4360     0  8230
 4361     0  6204
 4362     0  7246
 4363     0  1208
 4364     0  8537
 4365     0  3653
 4366     0  7716
 4367     0  9848
 4368     0  1563
 4369     0  5532
 4370     0  1947
 4371     0  9103
 4372     0  4633
 4373     0   871
 4374     0  6834
 4375     0  9932
 4376     0  3938
 4377     0  7507
 4378     0  4329
 4379     0  7986
 4380     0  8481
 4381     0  5613
 4382     0  1957
 4383     0  1323
 4384     0  6405
 4385     0  2590
 4386     0   689
 4387     0  2377
 4388     0  6332
 4389     0  5905
 4390     0   686
 4391     0  4932
 4392     0  4989
 4393     0  1474
 4394     0  2650
 4395     0  5606
 4396     0  9093
 4397     0   389
 4398     0  3119
 4399     0  4671
 4400     0  6282
 4401     0  5360
 4402     0  2450
 4403     0  5845
 4404     0  7003
 4405     0  6646
 4406     0  3324
 4407     0  7099
 4408     0  3544
 4409     0   609
 4410     0  5957
 4411     0  7501
 4412     0  8734
 4413     0  6764
 4414     0   268
 4415     0  2598
 4416     0  2699
 4417     0  3242
 4418     0  9171
 4419     0  7390
 4420     0  9151
 4421     0  7061
 4422     0  2279
 4423     0  6259
 4424     0  9891
 4425     0  2519
 4426     0  6142
 4427     0  5826
 4428     0  3380
 4429     0  8942
 4430     0  9353
 4431     0  1282
 4432     0   711
 4433     0  4896
 4434     0  7929
 4435     0  9982
 4436     0  6609
 4437     0  5276
 4438     0    61
 4439     0  6301
 4440     0   398
 4441     0  4952
 4442     0  7385
 4443     0  7856
 4444     0  3631
 4445     0  6428
 4446     0  7859
 4447     0  7255
 4448     0  2225
 4449     0  3723
 4450     0  5207
 4451     0  3280
 4452     0  6328
 4453     0   937
 4454     0  6971
 4455     0  1037
 4456     0  5547
 4457     0  9901
 4458     0  3628
 4459     0  1456
 4460     0  7848
 4461     0   996
 4462     0  1543
 4463     0  7590
 4464     0  7864
 4465     0  1455
 4466     0  4228
 4467     0  8510
 4468     0  1085
 4469     0  4667
 4470     0  2668
 4471     0  1829
 4472     0   936
 4473     0  7051
 4474     0  7755
 4475     0  8383
 4476     0  7832
 4477     0   340
 4478     0   928
 4479     0  8915
 4480     0  5085
 4481     0  9797
 4482     0   242
 4483     0  4547
 4484     0  5786
 4485     0  2000
 4486     0  2845
 4487     0  7335
 4488     0  7480
 4489     0  3785
 4490     0  6250
 4491     0  1797
 4492     0  4247
 4493     0  6299
 4494     0   188
 4495     0  1343
 4496     0   415
 4497     0  1281
 4498     0  9495
 4499     0  4282
 4500     0   149
 4501     0  2264
 4502     0  7755
 4503     0  1078
 4504     0  1850
 4505     0  9134
 4506     0  6014
 4507     0  4126
 4508     0  1661
 4509     0  9862
 4510     0  7223
 4511     0  8190
 4512     0  9649
 4513     0  9340
 4514     0  2790
 4515     0  3724
 4516     0  6761
 4517     0  2271
 4518     0  4418
 4519     0  1701
 4520     0  4959
 4521     0  4464
 4522     0  1627
 4523     0  2405
 4524     0  1668
 4525     0  8230
 4526     0  6429
 4527     0  1153
 4528     0  5698
 4529     0  4923
 4530     0  8486
 4531     0  3813
 4532     0  5309
 4533     0  7686
 4534     0  4734
 4535     0  9925
 4536     0  1751
 4537     0  2021
 4538     0  2389
 4539     0  1058
 4540     0  6339
 4541     0  4295
 4542     0  8572
 4543     0  3900
 4544     0  8002
 4545     0  7956
 4546     0  8873
 4547     0  1086
 4548     0  3257
 4549     0   346
 4550     0  3965
 4551     0  2427
 4552     0  3412
 4553     0  1221
 4554     0  6546
 4555     0  7202
 4556     0  2435
 4557     0  7417
 4558     0  1886
 4559     0  3424
 4560     0  1378
 4561     0  2943
 4562     0   805
 4563     0  8883
 4564     0  7927
 4565     0  5290
 4566     0  6587
 4567     0  3047
 4568     0  5333
 4569     0  9269
 4570     0  7622
 4571     0  7775
 4572     0  8685
 4573     0   379
 4574     0  5249
 4575     0  3121
 4576     0  3668
 4577     0  9362
 4578     0  1885
 4579     0  3534
 4580     0  5007
 4581     0  3828
 4582     0  6371
 4583     0  3388
 4584     0  3899
 4585     0  8908
 4586     0  4549
 4587     0  3394
 4588     0  7305
 4589     0  4282
 4590     0  2066
 4591     0  4432
 4592     0  8118
 4593     0  7443
 4594     0  6920
 4595     0  1737
 4596     0   297
 4597     0  6584
 4598     0  3427
 4599     0  2206
 4600     0  4422
 4601     0  3328
 4602     0  6244
 4603     0  1848
 4604     0  2271
 4605     0  8805
 4606     0  7533
 4607     0  4337
 4608     0  1002
 4609     0  2488
 4610     0  5624
 4611     0  3519
 4612     0  2222
 4613     0  5362
 4614     0  1335
 4615     0  1230
 4616     0  9575
 4617     0  8393
 4618     0  9415
 4619     0  7353
 4620     0  2617
 4621     0  3275
 4622     0  9758
 4623     0  3845
 4624     0  9265
 4625     0  8377
 4626     0  9187
 4627     0  4202
 4628     0  3174
 4629     0  7971
 4630     0  4220
 4631     0   431
 4632     0  5311
 4633     0  8508
 4634     0  2082
 4635     0  9825
 4636     0  4270
 4637     0  5226
 4638     0  3682
 4639     0  6719
 4640     0  7946
 4641     0  2540
 4642     0  8637
 4643     0  9973
 4644     0  5962
 4645     0  7480
 4646     0  9102
 4647     0  9347
 4648     0  3677
 4649     0  5536
 4650     0  8139
 4651     0  8842
 4652     0  8647
 4653     0   640
 4654     0  3877
 4655     0  4211
 4656     0  5766
 4657     0  5687
 4658     0  9578
 4659     0  7579
 4660     0  3619
 4661     0  9168
 4662     0  2922
 4663     0  7678
 4664     0  2035
 4665     0  3244
 4666     0  8758
 4667     0  6479
 4668     0  5229
 4669     0  4749
 4670     0   516
 4671     0  8049
 4672     0  4902
 4673     0  4177
 4674     0  4559
 4675     0  2805
 4676     0  3368
 4677     0  8345
 4678     0  5308
 4679     0  1569
 4680     0  4625
 4681     0  5926
 4682     0  8055
 4683     0  5273
 4684     0  9912
 4685     0  3743
 4686     0    60
 4687     0  1885
 4688     0  9882
 4689     0   816
 4690     0  8769
 4691     0  9151
 4692     0  6594
 4693     0  7075
 4694     0  8304
 4695     0  8863
 4696     0  8632
 4697     0  3636
 4698     0  8755
 4699     0  8645
 4700     0  3600
 4701     0  9859
 4702     0   424
 4703     0  7817
 4704     0  5091
 4705     0  1355
 4706     0  5412
 4707     0  4930
 4708     0  2971
 4709     0  1850
 4710     0  7588
 4711     0  6282
 4712     0   759
 4713     0  3549
 4714     0  1550
 4715     0  5115
 4716     0  1134
 4717     0   394
 4718     0  6710
 4719     0  9465
 4720     0  4113
 4721     0  2153
 4722     0  9356
 4723     0  8650
 4724     0  4985
 4725     0  7615
 4726     0  8339
 4727     0  7846
 4728     0   992
 4729     0  8184
 4730     0  5725
 4731     0  1015
 4732     0  4955
 4733     0  8304
 4734     0   961
 4735     0  3437
 4736     0  1156
 4737     0  2943
 4738     0    63
 4739     0  6929
 4740     0  6631
 4741     0  7535
 4742     0  5770
 4743     0   388
 4744     0  8546
 4745     0  2523
 4746     0  3988
 4747     0   515
 4748     0  7999
 4749     0  7045
 4750     0    88
 4751     0  9657
 4752     0  9870
 4753     0  1748
 4754     0  1248
 4755     0  4049
 4756     0   667
 4757     0  7369
 4758     0  5302
 4759     0  8374
 4760     0  1344
 4761     0   140
 4762     0  2536
 4763     0  8282
 4764     0  4195
 4765     0  9816
 4766     0  5477
 4767     0  4463
 4768     0  8655
 4769     0   527
 4770     0  1187
 4771     0  6533
 4772     0  4384
 4773     0  6747
 4774     0  3955
 4775     0  9921
 4776     0  7720
 4777     0  3699
 4778     0  5709
 4779     0  7318
 4780     0  8031
 4781     0  6854
 4782     0  4853
 4783     0  5938
 4784     0  5015
 4785     0  8663
 4786     0  1999
 4787     0  6360
 4788     0  4941
 4789     0  5188
 4790     0   158
 4791     0  3685
 4792     0  5979
 4793     0  4709
 4794     0  1736
 4795     0  3825
 4796     0   683
 4797     0  9150
 4798     0  4437
 4799     0  5332
 4800     0  6614
 4801     0  4577
 4802     0  5382
 4803     0   739
 4804     0  6731
 4805     0  8755
 4806     0  9699
 4807     0  8614
 4808     0  9883
 4809     0  1497
 4810     0  1693
 4811     0   519
 4812     0  9904
 4813     0  9439
 4814     0  3650
 4815     0  3960
 4816     0  5598
 4817     0  2644
 4818     0  7694
 4819     0  3761
 4820     0   962
 4821     0  6310
 4822     0  6718
 4823     0  7654
 4824     0  3719
 4825     0  1973
 4826     0  4464
 4827     0  6641
 4828     0  2599
 4829     0  2551
 4830     0  8727
 4831     0  2465
 4832     0  9694
 4833     0  5624
 4834     0   139
 4835     0  7214
 4836     0  6315
 4837     0  7435
 4838     0  1437
 4839     0  3383
 4840     0  4992
 4841     0  8449
 4842     0  5304
 4843     0  5354
 4844     0  2072
 4845     0  8628
 4846     0  7554
 4847     0  7855
 4848     0  4712
 4849     0  9025
 4850     0  9585
 4851     0  2034
 4852     0  2702
 4853     0  4561
 4854     0  2251
 4855     0  9068
 4856     0  3158
 4857     0  2914
 4858     0  9894
 4859     0  8333
 4860     0  9756
 4861     0  2294
 4862     0  4591
 4863     0  1768
 4864     0  4587
 4865     0  7448
 4866     0  2086
 4867     0  6698
 4868     0   564
 4869     0   742
 4870     0  4085
 4871     0  3032
 4872     0  2122
 4873     0  2671
 4874     0  6993
 4875     0  5716
 4876     0  6042
 4877     0  1083
 4878     0  1098
 4879     0  7163
 4880     0   137
 4881     0  3953
 4882     0  9389
 4883     0   671
 4884     0  3205
 4885     0  1657
 4886     0  1640
 4887     0  4748
 4888     0  3357
 4889     0  4799
 4890     0   541
 4891     0  9289
 4892     0  5629
 4893     0  9248
 4894     0  7712
 4895     0  4030
 4896     0  3425
 4897     0  9749
 4898     0  1147
 4899     0  1740
 4900     0  3722
 4901     0  5353
 4902     0  9105
 4903     0  5644
 4904     0  9999
 4905     0  4808
 4906     0  4382
 4907     0  8072
 4908     0   859
 4909     0  6422
 4910     0  7213
 4911     0  3376
 4912     0  6260
 4913     0  8952
 4914     0  5060
 4915     0  9883
 4916     0  4908
 4917     0  2707
 4918     0   698
 4919     0  8619
 4920     0  9664
 4921     0  9664
 4922     0  6089
 4923     0  5866
 4924     0  7854
 4925     0  7161
 4926     0  3663
 4927     0  9894
 4928     0  6963
 4929     0  4707
 4930     0  9614
 4931     0  1143
 4932     0   914
 4933     0  7607
 4934     0  8146
 4935     0  9321
 4936     0  9105
 4937     0  7087
 4938     0  5411
 4939     0  1899
 4940     0  6830
 4941     0  1065
 4942     0  2160
 4943     0  6162
 4944     0  6686
 4945     0  8651
 4946     0  3212
 4947     0   458
 4948     0  1014
 4949     0  2579
 4950     0  3845
 4951     0  2203
 4952     0  2979
 4953     0   281
 4954     0  4158
 4955     0  3108
 4956     0  7939
 4957     0  9429
 4958     0  4527
 4959     0  1782
 4960     0  5718
 4961     0  2086
 4962     0  2675
 4963     0  8863
 4964     0  5935
 4965     0  9750
 4966     0  2239
 4967     0  5250
 4968     0  5317
 4969     0  6311
 4970     0  7458
 4971     0  8320
 4972     0  7623
 4973     0  5337
 4974     0  8615
 4975     0    21
 4976     0  8412
 4977     0  9596
 4978     0  9431
 4979     0   993
 4980     0  1639
 4981     0  1997
 4982     0  9180
 4983     0  2961
 4984     0  6857
 4985     0  3807
 4986     0  8640
 4987     0  3881
 4988     0  8497
 4989     0  3127
 4990     0  7557
 4991     0  9985
 4992     0  4398
 4993     0  5523
 4994     0  4670
 4995     0  8617
 4996     0   262
 4997     0  5047
 4998     0  4425
 4999     0  3994
 5000     0  4175
24832
