500
    1   495   485
    2  5104  5094
    3  6336  6326
    4  4516  4506
    5  9258  9248
    6  4426  4416
    7  5431  5421
    8  1002   992
    9   332   322
   10  6659  6649
   11  5805  5795
   12  9247  9237
   13  8053  8043
   14  6467  6457
   15  2855  2845
   16  7825  7815
   17  4965  4955
   18  9456  9446
   19  9262  9252
   20  3432  3422
   21  1019  1009
   22  8801  8791
   23  5911  5901
   24  9369  9359
   25  1132  1122
   26  5677  5667
   27  1104  1094
   28  1608  1598
   29  8748  8738
   30  2017  2007
   31  8584  8574
   32   554   544
   33  5725  5715
   34  5344  5334
   35  8892  8882
   36  2776  2766
   37  1377  1367
   38  4004  3994
   39  9994  9984
   40  9903  9893
   41  3309  3299
   42  2643  2633
   43  9443  9433
   44  7141  7131
   45  5692  5682
   46  5438  5428
   47    82    72
   48  6710  6700
   49  7884  7874
   50   627   617
   51   148   138
   52  5884  5874
   53  3866  3856
   54  7730  7720
   55  7155  7145
   56  4429  4419
   57  8005  7995
   58  9804  9794
   59  1539  1529
   60  8206  8196
   61  6209  6199
   62  6007  5997
   63  3287  3277
   64  3126  3116
   65   107    97
   66  5918  5908
   67  9729  9719
   68  5549  5539
   69  5252  5242
   70  5717  5707
   71  6117  6107
   72  8579  8569
   73  1132  1122
   74  5547  5537
   75  1080  1070
   76   941   931
   77  6108  6098
   78  5736  5726
   79  3610  3600
   80  5497  5487
   81  6655  6645
   82  9782  9772
   83  7277  7267
   84  7523  7513
   85  1982  1972
   86  2091  2081
   87  9905  9895
   88  9953  9943
   89  3223  3213
   90  8068  8058
   91  9758  9748
   92  4313  4303
   93  9497  9487
   94  3774  3764
   95  1933  1923
   96  6546  6536
   97  7039  7029
   98   734   724
   99  5684  5674
  100  3799  3789
  101  8550  8540
  102  7489  7479
  103  5564  5554
  104  2152  2142
  105  2477  2467
  106  8349  8339
  107  7056  7046
  108  8651  8641
  109  9720  9710
  110  3206  3196
  111   563   553
  112  1504  1494
  113  3201  3191
  114  4076  4066
  115  8734  8724
  116   834   824
  117  5740  5730
  118  9218  9208
  119  6998  6988
  120  9721  9711
  121  2100  2090
  122  8810  8800
  123  9350  9340
  124  3324  3314
  125  7559  7549
  126  6299  6289
  127  4206  4196
  128  9411  9401
  129   875   865
  130  1476  1466
  131  9688  9678
  132  2699  2689
  133  5580  5570
  134  6843  6833
  135  4946  4936
  136  5235  5225
  137  3732  3722
  138  6254  6244
  139  3661  3651
  140  3859  3849
  141  6133  6123
  142  8123  8113
  143  1441  1431
  144  3389  3379
  145  8518  8508
  146  7371  7361
  147  7595  7585
  148  2075  2065
  149  1863  1853
  150  7496  7486
  151  9652  9642
  152  2696  2686
  153  8002  7992
  154  7296  7286
  155  6735  6725
  156  1899  1889
  157  1296  1286
  158  8034  8024
  159  1822  1812
  160  9501  9491
  161  8869  8859
  162  6901  6891
  163   673   663
  164  5100  5090
  165  1098  1088
  166  5191  5181
  167  4189  4179
  168  1224  1214
  169  4197  4187
  170  1027  1017
  171  6629  6619
  172  3482  3472
  173  7271  7261
  174  4428  4418
  175  6856  6846
  176  5429  5419
  177  9202  9192
  178  7366  7356
  179  7271  7261
  180  6692  6682
  181  5524  5514
  182  9316  9306
  183  2896  2886
  184  2211  2201
  185  3540  3530
  186  8395  8385
  187  4859  4849
  188  1962  1952
  189  3304  3294
  190  1510  1500
  191  1809  1799
  192  1204  1194
  193  2401  2391
  194  9747  9737
  195  4340  4330
  196  4334  4324
  197  2308  2298
  198  3002  2992
  199  2800  2790
  200  2234  2224
  201  5285  5275
  202  8270  8260
  203  9836  9826
  204  1107  1097
  205  2082  2072
  206  4220  4210
  207  2876  2866
  208  1659  1649
  209  7961  7951
  210  6929  6919
  211  8758  8748
  212  3073  3063
  213  6695  6685
  214  2968  2958
  215  9966  9956
  216  4814  4804
  217  8574  8564
  218   528   518
  219  4193  4183
  220  5438  5428
  221  9410  9400
  222  5547  5537
  223  6731  6721
  224  5356  5346
  225  1217  1207
  226  4163  4153
  227  1333  1323
  228  8981  8971
  229   621   611
  230  7672  7662
  231  2126  2116
  232  4207  4197
  233  8119  8109
  234  8101  8091
  235  6805  6795
  236  1539  1529
  237  9353  9343
  238  5136  5126
  239  7872  7862
  240  8757  8747
  241  1695  1685
  242  8479  8469
  243  7020  7010
  244  3780  3770
  245  1891  1881
  246  1944  1934
  247  6994  6984
  248   733   723
  249  9413  9403
  250  1905  1895
  251  8370  8360
  252  7578  7568
  253  5459  5449
  254  6182  6172
  255  3551  3541
  256  6968  6958
  257  6282  6272
  258  4393  4383
  259  2887  2877
  260  3318  3308
  261  3369  3359
  262  4980  4970
  263  2717  2707
  264  3593  3583
  265  4318  4308
  266  6058  6048
  267  7780  7770
  268   940   930
  269  3040  3030
  270  7579  7569
  271  6218  6208
  272  5013  5003
  273  5321  5311
  274  7030  7020
  275  2110  2100
  276  1619  1609
  277  3949  3939
  278  5897  5887
  279  8432  8422
  280  6835  6825
  281  2795  2785
  282  9940  9930
  283  5380  5370
  284  4914  4904
  285  3999  3989
  286   251   241
  287  4979  4969
  288  7389  7379
  289  9153  9143
  290  9386  9376
  291  9982  9972
  292  7972  7962
  293  7038  7028
  294  6899  6889
  295  3071  3061
  296  7453  7443
  297  9648  9638
  298  8226  8216
  299  1358  1348
  300  5348  5338
  301  9357  9347
  302  9170  9160
  303  8076  8066
  304  6416  6406
  305  1401  1391
  306  8169  8159
  307  5648  5638
  308  3041  3031
  309  5305  5295
  310  5214  5204
  311  3836  3826
  312  7430  7420
  313  1206  1196
  314  9163  9153
  315  2459  2449
  316  3435  3425
  317  9865  9855
  318  5341  5331
  319  2153  2143
  320   575   565
  321  5497  5487
  322  7848  7838
  323  9150  9140
  324  8019  8009
  325   574   564
  326  3928  3918
  327  3625  3615
  328   543   533
  329  8145  8135
  330   242   232
  331  3574  3564
  332  3967  3957
  333  6370  6360
  334  6601  6591
  335  7803  7793
  336   586   576
  337  9173  9163
  338  3756  3746
  339  4869  4859
  340  6387  6377
  341  3770  3760
  342  3868  3858
  343  9721  9711
  344  3096  3086
  345  5672  5662
  346  2444  2434
  347   169   159
  348   568   558
  349  5670  5660
  350  4289  4279
  351  4278  4268
  352  2850  2840
  353  5958  5948
  354  2745  2735
  355  7325  7315
  356  8584  8574
  357  4686  4676
  358   136   126
  359  8351  8341
  360  3922  3912
  361  3699  3689
  362  8749  8739
  363  7904  7894
  364   831   821
  365  1716  1706
  366  3635  3625
  367  7500  7490
  368  5927  5917
  369  7488  7478
  370  6211  6201
  371  5681  5671
  372  3003  2993
  373  1942  1932
  374  1159  1149
  375  2909  2899
  376    62    52
  377  6247  6237
  378  9769  9759
  379   197   187
  380  9277  9267
  381  3482  3472
  382  2266  2256
  383  8782  8772
  384  8793  8783
  385  2108  2098
  386  8127  8117
  387  5916  5906
  388  1526  1516
  389  3921  3911
  390  7190  7180
  391   645   635
  392  7035  7025
  393   235   225
  394   390   380
  395   833   823
  396  5722  5712
  397  9174  9164
  398  8276  8266
  399  8353  8343
  400  3226  3216
  401  1742  1732
  402  1458  1448
  403  9512  9502
  404  9551  9541
  405  2750  2740
  406  2674  2664
  407  2586  2576
  408  3964  3954
  409  3622  3612
  410  5736  5726
  411  6912  6902
  412  6782  6772
  413  5464  5454
  414  8541  8531
  415  8421  8411
  416  4953  4943
  417  7983  7973
  418  1760  1750
  419  7713  7703
  420  2337  2327
  421  4860  4850
  422  3927  3917
  423  7087  7077
  424  4015  4005
  425  1230  1220
  426  3123  3113
  427  4812  4802
  428  9923  9913
  429  2413  2403
  430   801   791
  431  6191  6181
  432  8008  7998
  433  2020  2010
  434  5869  5859
  435  7535  7525
  436   355   345
  437  3929  3919
  438  7441  7431
  439  4678  4668
  440  9685  9675
  441  6537  6527
  442  2843  2833
  443  3472  3462
  444  4448  4438
  445  5301  5291
  446  3533  3523
  447  1615  1605
  448  7926  7916
  449  8467  8457
  450  6430  6420
  451  8415  8405
  452  8125  8115
  453  1427  1417
  454  6670  6660
  455  4289  4279
  456  4271  4261
  457  7695  7685
  458  9782  9772
  459  7606  7596
  460  8398  8388
  461  2317  2307
  462  1774  1764
  463   234   224
  464  8853  8843
  465  3332  3322
  466  8216  8206
  467  5850  5840
  468  7417  7407
  469  6985  6975
  470   649   639
  471  1411  1401
  472   862   852
  473  4101  4091
  474  2552  2542
  475  5337  5327
  476  6070  6060
  477   340   330
  478  6767  6757
  479  4192  4182
  480  3092  3082
  481  9613  9603
  482  1647  1637
  483  1803  1793
  484  3103  3093
  485  5625  5615
  486   624   614
  487  3743  3733
  488   146   136
  489  3874  3864
  490   197   187
  491  9026  9016
  492  4112  4102
  493  4873  4863
  494  9982  9972
  495  6997  6987
  496  9173  9163
  497  5316  5306
  498  7511  7501
  499  8044  8034
  500   487   477
10001
