400
    1   495   485
    2   104    94
    3   336   326
    4    16     6
    5   258   248
    6   426   416
    7   431   421
    8   502   492
    9   332   322
   10   159   149
   11   305   295
   12   247   237
   13    53    43
   14   467   457
   15   355   345
   16   325   315
   17   465   455
   18   456   446
   19   262   252
   20   432   422
   21    19     9
   22   301   291
   23   411   401
   24   369   359
   25   132   122
   26   177   167
   27   104    94
   28   108    98
   29   248   238
   30    17     7
   31    84    74
   32    54    44
   33   225   215
   34   344   334
   35   392   382
   36   276   266
   37   377   367
   38   504   494
   39   494   484
   40   403   393
   41   309   299
   42   143   133
   43   443   433
   44   141   131
   45   192   182
   46   438   428
   47    82    72
   48   210   200
   49   384   374
   50   127   117
   51   148   138
   52   384   374
   53   366   356
   54   230   220
   55   155   145
   56   429   419
   57   505   495
   58   304   294
   59    39    29
   60   206   196
   61   209   199
   62   507   497
   63   287   277
   64   126   116
   65   107    97
   66   418   408
   67   229   219
   68    49    39
   69   252   242
   70   217   207
   71   117   107
   72    79    69
   73   132   122
   74    47    37
   75    80    70
   76   441   431
   77   108    98
   78   236   226
   79   110   100
   80   497   487
   81   155   145
   82   282   272
   83   277   267
   84    23    13
   85   482   472
   86    91    81
   87   405   395
   88   453   443
   89   223   213
   90    68    58
   91   258   248
   92   313   303
   93   497   487
   94   274   264
   95   433   423
   96    46    36
   97    39    29
   98   234   224
   99   184   174
  100   299   289
  101    50    40
  102   489   479
  103    64    54
  104   152   142
  105   477   467
  106   349   339
  107    56    46
  108   151   141
  109   220   210
  110   206   196
  111    63    53
  112   504   494
  113   201   191
  114    76    66
  115   234   224
  116   334   324
  117   240   230
  118   218   208
  119   498   488
  120   221   211
  121   100    90
  122   310   300
  123   350   340
  124   324   314
  125    59    49
  126   299   289
  127   206   196
  128   411   401
  129   375   365
  130   476   466
  131   188   178
  132   199   189
  133    80    70
  134   343   333
  135   446   436
  136   235   225
  137   232   222
  138   254   244
  139   161   151
  140   359   349
  141   133   123
  142   123   113
  143   441   431
  144   389   379
  145    18     8
  146   371   361
  147    95    85
  148    75    65
  149   363   353
  150   496   486
  151   152   142
  152   196   186
  153   502   492
  154   296   286
  155   235   225
  156   399   389
  157   296   286
  158    34    24
  159   322   312
  160   501   491
  161   369   359
  162   401   391
  163   173   163
  164   100    90
  165    98    88
  166   191   181
  167   189   179
  168   224   214
  169   197   187
  170    27    17
  171   129   119
  172   482   472
  173   271   261
  174   428   418
  175   356   346
  176   429   419
  177   202   192
  178   366   356
  179   271   261
  180   192   182
  181    24    14
  182   316   306
  183   396   386
  184   211   201
  185    40    30
  186   395   385
  187   359   349
  188   462   452
  189   304   294
  190   510   500
  191   309   299
  192   204   194
  193   401   391
  194   247   237
  195   340   330
  196   334   324
  197   308   298
  198   502   492
  199   300   290
  200   234   224
  201   285   275
  202   270   260
  203   336   326
  204   107    97
  205    82    72
  206   220   210
  207   376   366
  208   159   149
  209   461   451
  210   429   419
  211   258   248
  212    73    63
  213   195   185
  214   468   458
  215   466   456
  216   314   304
  217    74    64
  218    28    18
  219   193   183
  220   438   428
  221   410   400
  222    47    37
  223   231   221
  224   356   346
  225   217   207
  226   163   153
  227   333   323
  228   481   471
  229   121   111
  230   172   162
  231   126   116
  232   207   197
  233   119   109
  234   101    91
  235   305   295
  236    39    29
  237   353   343
  238   136   126
  239   372   362
  240   257   247
  241   195   185
  242   479   469
  243    20    10
  244   280   270
  245   391   381
  246   444   434
  247   494   484
  248   233   223
  249   413   403
  250   405   395
  251   370   360
  252    78    68
  253   459   449
  254   182   172
  255    51    41
  256   468   458
  257   282   272
  258   393   383
  259   387   377
  260   318   308
  261   369   359
  262   480   470
  263   217   207
  264    93    83
  265   318   308
  266    58    48
  267   280   270
  268   440   430
  269    40    30
  270    79    69
  271   218   208
  272    13     3
  273   321   311
  274    30    20
  275   110   100
  276   119   109
  277   449   439
  278   397   387
  279   432   422
  280   335   325
  281   295   285
  282   440   430
  283   380   370
  284   414   404
  285   499   489
  286   251   241
  287   479   469
  288   389   379
  289   153   143
  290   386   376
  291   482   472
  292   472   462
  293    38    28
  294   399   389
  295    71    61
  296   453   443
  297   148   138
  298   226   216
  299   358   348
  300   348   338
  301   357   347
  302   170   160
  303    76    66
  304   416   406
  305   401   391
  306   169   159
  307   148   138
  308    41    31
  309   305   295
  310   214   204
  311   336   326
  312   430   420
  313   206   196
  314   163   153
  315   459   449
  316   435   425
  317   365   355
  318   341   331
  319   153   143
  320    75    65
  321   497   487
  322   348   338
  323   150   140
  324    19     9
  325    74    64
  326   428   418
  327   125   115
  328    43    33
  329   145   135
  330   242   232
  331    74    64
  332   467   457
  333   370   360
  334   101    91
  335   303   293
  336    86    76
  337   173   163
  338   256   246
  339   369   359
  340   387   377
  341   270   260
  342   368   358
  343   221   211
  344    96    86
  345   172   162
  346   444   434
  347   169   159
  348    68    58
  349   170   160
  350   289   279
  351   278   268
  352   350   340
  353   458   448
  354   245   235
  355   325   315
  356    84    74
  357   186   176
  358   136   126
  359   351   341
  360   422   412
  361   199   189
  362   249   239
  363   404   394
  364   331   321
  365   216   206
  366   135   125
  367   500   490
  368   427   417
  369   488   478
  370   211   201
  371   181   171
  372   503   493
  373   442   432
  374   159   149
  375   409   399
  376    62    52
  377   247   237
  378   269   259
  379   197   187
  380   277   267
  381   482   472
  382   266   256
  383   282   272
  384   293   283
  385   108    98
  386   127   117
  387   416   406
  388    26    16
  389   421   411
  390   190   180
  391   145   135
  392    35    25
  393   235   225
  394   390   380
  395   333   323
  396   222   212
  397   174   164
  398   276   266
  399   353   343
  400   226   216
501
