1000
    1  1094   485
    2   506   326
    3   416  1248
    4   992  1421
    5   649   322
    6  1237  1795
    7   457    43
    8  1815   845
    9  1446   955
   10  1422  1252
   11   791  1009
   12  1359  1901
   13  1667  1122
   14  1598  1094
   15     7   738
   16   544   574
   17  1334  1715
   18   766   882
   19  1994  1367
   20  1893  1984
   21   633  1299
   22  1131  1433
   23  1428  1682
   24   700    72
   25   617  1874
   26  1874   138
   27  1720  1856
   28   419  1145
   29  1794  1995
   30   196  1529
   31  1997   199
   32  1116  1277
   33  1908    97
   34  1539  1719
   35  1707  1242
   36   569   107
   37  1537  1122
   38   931  1070
   39  1726    98
   40  1487  1600
   41  1772   645
   42  1513  1267
   43    81  1972
   44  1943  1895
   45    58  1213
   46   303  1748
   47  1764  1487
   48   536  1923
   49   724  1029
   50  1789  1674
   51  1479   540
   52   142  1554
   53   339   467
   54   641  1046
   55  1196  1710
   56  1494   553
   57    66  1191
   58   824   724
   59  1208  1730
   60  1711   988
   61   800    90
   62  1314  1340
   63   289  1549
   64  1401   196
   65  1466   865
   66   689  1678
   67   833  1570
   68  1225   936
   69   244  1722
   70  1849  1651
   71   113   123
   72  1379  1431
   73  1361   508
   74    65  1585
   75  1486  1853
   76   686  1642
   77  1286  1992
   78  1889   725
   79    24  1286
   80  1491  1812
   81   891   859
   82  1090   663
   83  1181  1088
   84  1214   179
   85  1017   187
   86  1472   619
   87   418  1261
   88  1419   846
   89  1356  1192
   90   682  1261
   91  1306  1514
   92   201   886
   93   385  1530
   94  1952   849
   95  1500  1294
   96  1194  1799
   97  1737   391
   98   324   330
   99   992   298
  100   224   790
  101   260  1275
  102  1097  1826
  103   210    72
  104  1649   866
  105   919  1951
  106  1063   748
  107   958   685
  108   804  1956
  109   518   564
  110  1428   183
  111  1537  1400
  112  1346   721
  113   153  1207
  114   971  1323
  115  1662   611
  116   197   116
  117    91   109
  118  1529   795
  119  1126  1343
  120   747  1862
  121   469  1685
  122  1770  1010
  123  1934  1881
  124   723   984
  125  1895  1403
  126  1568   360
  127   172  1449
  128   958  1541
  129   383   272
  130  1308   877
  131   970  1359
  132  1583   707
  133    48   308
  134   930  1770
  135  1569  1030
  136  1003   208
  137  1020  1311
  138  1609   100
  139  1887  1939
  140   825   422
  141  1930   785
  142   904  1370
  143   241  1989
  144  1379   969
  145  1376  1143
  146  1962  1972
  147   889  1028
  148  1443  1061
  149   216  1638
  150  1338  1348
  151  1160  1347
  152   406    66
  153   159  1391
  154  1031  1638
  155  1204  1295
  156  1420  1826
  157  1153  1196
  158  1425   449
  159  1331  1855
  160   565   143
  161  1838  1487
  162     9  1140
  163  1918   564
  164   533  1615
  165   232   135
  166  1957  1564
  167   591   360
  168   576  1793
  169  1746  1163
  170   377   859
  171  1858  1760
  172  1086  1711
  173   434  1662
  174   558   159
  175   279  1660
  176   840   268
  177   735  1948
  178   574  1315
  179   126   676
  180  1912   341
  181   739  1689
  182   821  1894
  183  1625  1706
  184  1917  1490
  185   201  1478
  186   993  1671
  187  1149  1932
  188    52   899
  189  1759   237
  190  1267   187
  191   256  1472
  192   783   772
  193   117    98
  194  1516  1906
  195  1180  1911
  196  1025   635
  197   380   225
  198  1712   823
  199   266  1164
  200  1216   343
  201  1448  1732
  202  1541  1502
  203   664   740
  204  1954   576
  205  1726  1612
  206   772   902
  207   531  1454
  208   943   411
  209  1750  1973
  210   327  1703
  211  1917   850
  212     5  1077
  213  1113  1220
  214  1913   802
  215   791   403
  216  1998   181
  217  1859    10
  218   345  1525
  219  1431  1919
  220  1675   668
  221   833   527
  222   438  1462
  223  1523  1291
  224  1916  1605
  225   420   457
  226   115   405
  227   660  1417
  228   261   279
  229  1772  1685
  230   388  1596
  231  1764   307
  232   843   224
  233   206  1322
  234  1407  1840
  235   639   975
  236   852  1401
  237   542    91
  238    60  1327
  239   757   330
  240  1082   182
  241  1637  1603
  242  1093  1793
  243   614  1615
  244   136  1733
  245   187  1864
  246   102  1016
  247  1972   863
  248  1163   987
  249  1501  1306
  250   477    34
  251  1492   840
  252  1121   700
  253  1080   706
  254   138   787
  255  1660  1105
  256  1229   834
  257   827  1798
  258   448  1310
  259   230  1609
  260   832   690
  261   489   561
  262  1586  1579
  263  1291    60
  264  1665  1388
  265   660  1309
  266  1702  1407
  267   153  1200
  268  1606   313
  269  1123   970
  270  1253  1033
  271  1709   273
  272  1832  1277
  273   108   997
  274   888  1040
  275  1481  1227
  276  1283  1860
  277   858  1940
  278   284  1608
  279  1711   990
  280   850  1590
  281  1239   806
  282   943  1052
  283   195  1801
  284  1095  1764
  285  1410   710
  286  1664   386
  287  1900   593
  288   112  1050
  289  1963  1494
  290   754   156
  291  1458   936
  292    19  1965
  293   225    86
  294   569   723
  295    97   184
  296   194  1868
  297  1754  1340
  298   602   412
  299  1061   487
  300   695   209
  301   347   346
  302   719  1860
  303  1100   307
  304  1097    95
  305   843  1821
  306  1745  1941
  307  1286   821
  308  1492  1587
  309   116   201
  310  1531  1665
  311   424   527
  312  1253  1812
  313  1426  1424
  314   413  1459
  315   980  1343
  316  1291   836
  317   833   506
  318   486   179
  319  1009  1916
  320  1575   430
  321  1922  1596
  322  1145  1808
  323  1897  1269
  324  1404  1512
  325   742  1811
  326   728  1685
  327  1269   567
  328  1103  1776
  329  1745   855
  330  1035  1718
  331  1779   853
  332    71    97
  333  1080  1146
  334   842  1746
  335   128    15
  336   941  1965
  337   227  1512
  338    30   480
  339  1342   958
  340   605  1665
  341  1531  1191
  342  1364   964
  343  1359   515
  344   867  1606
  345  1820   822
  346   313   536
  347  1207  1693
  348   911  1019
  349   308   335
  350   430   101
  351   685  1922
  352   641  1294
  353   113  1910
  354  1141   410
  355  1690  1250
  356   700   546
  357  1559   729
  358   481   609
  359   503  1720
  360  1766  1976
  361     7  1759
  362  1882   798
  363  1859    74
  364   182   648
  365   425   299
  366  1542   785
  367   683  1846
  368   853   390
  369  1938  1897
  370  1089   416
  371   624   837
  372  1181  1247
  373   878  1293
  374   933   144
  375   580   938
  376   252  1467
  377  1207  1480
  378   658   955
  379  1020  1665
  380  1954    26
  381   347   564
  382   759  1449
  383   446  1026
  384    14   521
  385  1657  1301
  386   710  1321
  387   980  1613
  388  1188  1388
  389  1636  1879
  390  1203  1990
  391  1432   188
  392  1129   963
  393  1630   820
  394  1509  1300
  395  1237   822
  396   373  1255
  397  1838  1277
  398  1395  1153
  399  1692  1400
  400  1103  1227
  401   218  1518
  402  1384  1447
  403  1931   315
  404  1396   813
  405  1389  1324
  406   640   502
  407  1287  1299
  408  1297  1780
  409   977   376
  410  1512  1516
  411  1219  1212
  412  1555  1329
  413  1398   810
  414   289  1486
  415  1798  1485
  416  1598   416
  417  1049   952
  418   572   894
  419   697   358
  420   770    21
  421  1725  1647
  422   542  1044
  423   214  1683
  424   887  1361
  425  1045  1814
  426    94   231
  427   282     8
  428    82  1165
  429  1319   496
  430   626  1699
  431   146   852
  432   541   459
  433   874   535
  434   725  1314
  435  1777   944
  436  1554  1306
  437  1208  1459
  438   787  1637
  439  1976   447
  440   912  1408
  441   444  1107
  442  1003  1962
  443   301  1565
  444   164  1407
  445   437  1857
  446   652  1317
  447  1764    98
  448  1041   818
  449   737  1600
  450  1176  1288
  451   136  1902
  452  1128  1567
  453  1394   190
  454  1235   749
  455  1042   908
  456  1824   276
  457   684  1748
  458   979  1592
  459  1568  1393
  460   367   363
  461    52   163
  462   642   983
  463   335  1179
  464   126  1016
  465   130  1478
  466   583   259
  467   129   868
  468  1752   295
  469  1167   596
  470  1856  1071
  471  1640   622
  472  1770   864
  473  1431  1644
  474  1195     5
  475  1448  1365
  476  1701  1429
  477   952  1064
  478  1880  1854
  479   168   770
  480  1079  1088
  481   961   157
  482   472  1368
  483  1217   421
  484   709  1719
  485   147  1271
  486  1296   975
  487   909  1816
  488  1764  1962
  489  1251  1535
  490  1878   438
  491  1753  1696
  492   570   881
  493  1253  1318
  494  1666    45
  495   931  1052
  496   433   496
  497  1810   313
  498  1678   138
  499   123  1334
  500   212  1988
  501    66   508
  502  1206   770
  503  1750   751
  504    64  1780
  505   466  1441
  506  1337   207
  507  1510   516
  508  1796   674
  509   175  1408
  510   437   920
  511  1938   573
  512   848   634
  513  1561   878
  514   718   990
  515   948   826
  516   649  1696
  517  1569  1800
  518   663   411
  519   582   422
  520  1843   707
  521   202  1334
  522  1702  1986
  523   579  1494
  524   725  1150
  525  1803  1562
  526   340  1380
  527   156  1832
  528  1832   979
  529   602  1376
  530   234  1511
  531   688  1414
  532   184   160
  533   978  1982
  534  1413   238
  535  1633  1490
  536  1585  1899
  537   606  1251
  538   963  1526
  539  1350  1897
  540   242    39
  541   539  1657
  542   739   452
  543  1267  1538
  544  1165   831
  545  1177  1460
  546  1720   185
  547   802  1934
  548   644   440
  549  1082  1490
  550  1798  1168
  551  1197    71
  552   173   977
  553    81   458
  554  1235   204
  555   112   803
  556  1103  1139
  557  1268   399
  558  1879  1420
  559  1643   991
  560  1106   578
  561   122   972
  562   444  1177
  563  1262  1398
  564   691   348
  565  1997  1496
  566   446   276
  567   171   825
  568  1549   614
  569   281  1121
  570  1211   730
  571  1112   341
  572  1408  1284
  573   730  1698
  574  1363    17
  575    89   546
  576   605   672
  577  1938   974
  578   168  1866
  579  1705  1377
  580  1047   559
  581   400   340
  582  1215   527
  583   114   779
  584    51  1761
  585  1881  1483
  586  1549  1092
  587  1679   390
  588   328  1583
  589  1250   661
  590   203   391
  591   481   336
  592   752  1661
  593   707   125
  594    82  1089
  595  1063   275
  596   660   359
  597    21  1178
  598   287  1780
  599  1219  1042
  600   500     5
  601   820   380
  602    95  1772
  603    44  1816
  604   748     9
  605  1678  1484
  606   276   545
  607  1478   589
  608  1663   157
  609   594  1901
  610  1757  1777
  611  1947  1074
  612   448   247
  613  1570  1055
  614  1313  1479
  615   981   785
  616  1795  1958
  617  1552   680
  618   389   393
  619  1280   944
  620   864   596
  621  1636   619
  622   512   611
  623   892  1852
  624  1184  1283
  625   947  1299
  626  1614   766
  627  1625  1312
  628  1149  1826
  629   377   726
  630   474   733
  631  1018  1805
  632   662   679
  633   416   403
  634     1  1964
  635   530   337
  636  1752  1541
  637    22  1478
  638   981   369
  639   777   946
  640  1957   821
  641  1275   833
  642   584  1837
  643   582  1490
  644  1121  1037
  645  1951   594
  646   668  1129
  647   118  1258
  648   319  1246
  649  1896  1362
  650   521  1755
  651   948  1504
  652   248  1071
  653   474   177
  654  1351   176
  655  1054   803
  656  1155  1237
  657  1660  1677
  658  1871    33
  659   486  1115
  660  1294  1597
  661   425  1769
  662  1245  1536
  663   382   956
  664   371  1341
  665  1708   184
  666   544   234
  667   794  1569
  668   387   216
  669   738  1537
  670   520    84
  671  1281  1810
  672  1502  1657
  673    91  1033
  674   503   159
  675   924  1520
  676  1016  1668
  677  1033   287
  678  1344   229
  679  1349   374
  680  1606   474
  681   896  1672
  682  1595  1915
  683   441  1511
  684  1102  1123
  685    52   569
  686   654  1199
  687   710  1396
  688  1434  1715
  689  1245    59
  690    36  1610
  691  1661   917
  692  1413  1927
  693  1013  1270
  694  1370  1117
  695   400  1516
  696  1195   215
  697   984   216
  698   476  1237
  699   164   615
  700  1405   499
  701   674   477
  702  1196   760
  703   608   285
  704   907    56
  705   532   966
  706  1051  1622
  707   716   221
  708   327  1194
  709   880  1091
  710  1710   347
  711  1267  1252
  712  1400   473
  713   376  1516
  714  1609  1385
  715   320   357
  716   196   958
  717  1538  1665
  718   935  1792
  719   404    64
  720   100  1420
  721  1126   671
  722  1855   968
  723    94   877
  724  1731   177
  725   253   523
  726  1008  1139
  727  1393  1152
  728   543  1732
  729  1348   246
  730  1318  1565
  731  1489   740
  732    22   902
  733   998  1017
  734    49   973
  735  1381  1298
  736    10   611
  737  1429  1032
  738  1221  1011
  739   150  1337
  740   717  1136
  741   530  1889
  742  1332   522
  743   942   805
  744   565    28
  745  1216  1931
  746  1061   757
  747   170  1609
  748   872   544
  749   644   905
  750   208   595
  751   680   246
  752  1697   113
  753  1639  1175
  754  1679   156
  755  1961   244
  756   361  1883
  757   802   265
  758  1359   883
  759  1839  1462
  760   718   485
  761  1280   272
  762   252  1204
  763  1280   984
  764  1102  1409
  765  1615  1398
  766   296  1909
  767   481   370
  768   956  1882
  769  1230  1214
  770   259  1766
  771   922    35
  772  1706   421
  773   272  1271
  774  1156   370
  775   552  1848
  776  1485    50
  777   536  1976
  778  1070   270
  779   902  1796
  780  1452  1963
  781  1035  1379
  782  1947  1991
  783  1378   551
  784  1057   897
  785   352   307
  786  1669   421
  787   702    74
  788  1141   388
  789  1458   559
  790  1463  1980
  791  1756  1615
  792   887   681
  793   332   231
  794   528  1207
  795   656   818
  796  1254  1331
  797  1787   979
  798   495   445
  799   370   348
  800  1010  1724
  801  1200  1401
  802   327  1646
  803  1017   668
  804  1374  1242
  805  1755  1302
  806  1980  1861
  807  1376   830
  808  1008    77
  809    32  1441
  810  1460  1589
  811   804  1990
  812  1023   189
  813   869  1868
  814  1943  1996
  815  1715  1363
  816   628   237
  817  1073   420
  818  1199   565
  819  1038  1214
  820  1209   333
  821  1327  1726
  822  1912   175
  823  1799    58
  824  1372   625
  825  1976  1066
  826  1120   169
  827  1667  1475
  828   188   204
  829    28  1090
  830  1704  1496
  831   649     1
  832   746   474
  833   697  1449
  834  1712   252
  835   289  1332
  836  1625   287
  837  1953   189
  838   462  1889
  839  1302  1063
  840    79   378
  841    41  1206
  842   823  1897
  843  1908  1230
  844  1665  1382
  845    36  1575
  846  1732  1060
  847   809  1529
  848  1066  1477
  849  1291  1290
  850   591    89
  851   583   961
  852  1252  1461
  853  1479  1702
  854   530  1532
  855   224   680
  856  1788  1053
  857   309  1642
  858   366  1000
  859  1352   891
  860   402  1822
  861   545  1152
  862   113   324
  863   967  1633
  864   454  1267
  865  1723   381
  866    14   272
  867    20   506
  868  1308   419
  869   644   461
  870   713  1526
  871  1482   978
  872  1336  1468
  873   289   729
  874  1496   795
  875   326  1581
  876   530  1383
  877   167   226
  878  1522  1421
  879  1830  1386
  880  1091  1273
  881  1116   484
  882  1747   676
  883   395  1107
  884  1958  1229
  885  1756   902
  886   262   962
  887  1703   105
  888  1511  1084
  889   481  1991
  890  1449  1701
  891  1888  1689
  892   599  1655
  893  1306  1600
  894   492  1538
  895  1803  1499
  896  1445  1881
  897  1316   981
  898  1889   473
  899   785   383
  900  1765   679
  901  1491  1573
  902   589  1589
  903   124   480
  904  1741   145
  905  1898  1624
  906   725   923
  907   682   915
  908   131  1232
  909   398   974
  910  1906  1735
  911  1753   678
  912  1312  1640
  913   790   644
  914   301   212
  915  1945  1123
  916   447  1253
  917  1197   943
  918  1027    18
  919   573  1916
  920   589  1327
  921  1934   640
  922   209  1615
  923  1529  1470
  924  1899  1655
  925  1015   288
  926  1592   401
  927  1092  1840
  928  1575   633
  929  1814   707
  930  1354   424
  931  1127  1682
  932   374  1194
  933  1566   855
  934  1594   190
  935   973  1728
  936  1645  1178
  937  1603   275
  938  1712    88
  939    32   367
  940  1298   544
  941  1561  1738
  942  1906   963
  943   626   460
  944   143  1266
  945   504   727
  946  1836  1033
  947  1361  1442
  948   431  1628
  949   554   384
  950    24  1244
  951   416   482
  952   735  1765
  953  1243  1446
  954   454   247
  955   932  1913
  956   494   560
  957   648   528
  958   357   594
  959   596  1935
  960  1788  1462
  961  1536  1621
  962   759  1660
  963   200   564
  964  1566   302
  965   741  1936
  966  1217   592
  967   219   724
  968  1832   118
  969  1819   299
  970   487  1251
  971   473   129
  972   241  1096
  973  1064   167
  974   516  1169
  975  1857   381
  976  1218  1976
  977  1490   767
  978  1504   837
  979   707  1407
  980   342  1203
  981  1475  1387
  982  1175   735
  983   786  1706
  984   171   335
  985   232    40
  986   888  1821
  987   866  1131
  988   976   159
  989   253   978
  990  1619    53
  991  1642  1849
  992  1460   478
  993  1218  1019
  994   218   230
  995  1667   453
  996  1949   336
  997    89   931
  998  1488   588
  999   568  1449
 1000   526   566
2001
