100
    1   815   485
    2  7250  6326
    3  8767  9248
    4  4473  5421
    5   884   322
    6  6715  5795
    7  8636  8043
    8  2858  2845
    9  4957  4955
   10  8917  9252
   11   468  1009
   12  4992  5901
   13   548  1122
   14   344  1094
   15  8586  8738
   16  8780  8574
   17  5112  5715
   18  9831  8882
   19   466  1367
   20 10844  9984
   21  3319  3299
   22  8804  9433
   23  6134  5682
   24   970    72
   25  7252  7874
   26   985   138
   27  4811  3856
   28  6379  7145
   29  8350  7995
   30   699  1529
   31  5995  6199
   32  2524  3277
   33     1    97
   34 10008  9719
   35  6236  5242
   36  6558  6107
   37  1042  1122
   38   458  1070
   39  6164  6098
   40  2654  3600
   41  6548  6645
   42  7326  7267
   43  1290  1972
   44  9968  9895
   45  2874  3213
   46  9721  9748
   47  8970  9487
   48  1173  1923
   49  7976  7029
   50  5139  5674
   51  8647  8540
   52  4713  5554
   53  1512  2467
   54  7238  7046
   55  9121  9710
   56     1   553
   57  2226  3191
   58  8118  8724
   59  5276  5730
   60  7374  6988
   61  1128  2090
   62  8517  9340
   63  8441  7549
   64  3946  4196
   65  1291   865
   66  8938  9678
   67  4858  5570
   68  4799  4936
   69  4100  3722
   70  2893  3651
   71  5780  6123
   72   807  1431
   73  9503  8508
   74  7092  7585
   75  1414  1853
   76 10175  9642
   77  7182  7992
   78  7270  6725
   79   599  1286
   80  1253  1812
   81  7943  8859
   82   206   663
   83   459  1088
   84  3587  4179
   85  4751  4187
   86  5949  6619
   87  6663  7261
   88  5969  6846
   89  8689  9192
   90  7899  7261
   91  5336  5514
   92  2676  2886
   93  4179  3530
   94  4628  4849
   95  2323  3294
   96  2752  1799
   97  1795  2391
   98  4111  4330
   99  3276  2298
  100  3171  2790
10001
