200
    1  2987   485
    2  3686  6326
    3 28284 29248
    4     1 20115
    5     1 30322
    6 16919 15795
    7  5721  8043
    8     1 22691
    9 22893 24955
   10     1 16284
   11  9515 11009
   12 27157 25901
   13 28711 31122
   14 30171 31094
   15     1 26798
   16     1 26962
   17 13460 15715
   18 26808 28882
   19 29117 31367
   20  6014  9984
   21 23366 23299
   22     1 16103
   23 15254 15682
   24     1 25464
   25     1 17662
   26     1   138
   27  6963  3856
   28     1 28391
   29     1 27541
   30     1 24007
   31     1 29337
   32 31975 32259
   33 31985 30097
   34  8947  9719
   35 31948 30294
   36     1 29429
   37     1 24414
   38     1 24466
   39 29441 26098
   40  1751  3600
   41     1 28891
   42  7620  7267
   43     1 23564
   44  6608  9895
   45     1 32323
   46     1 15788
   47     1 26049
   48 26175 21923
   49 15346 17029
   50 20964 25674
   51     1 16996
   52     1 19982
   53 25263 22467
   54     1 18490
   55     1 25826
   56     1 24983
   57     1 32345
   58 19976 18724
   59  4551  5730
   60     1 28548
   61 24477 22090
   62 23341 19340
   63 24336 27549
   64  4805  4196
   65 24886 20865
   66 28045 29678
   67 11647 15570
   68 14628 14936
   69  3992  3722
   70 26136 23651
   71 27736 26123
   72 23935 21431
   73 31736 28508
   74  5102  7585
   75     1 23683
   76  5872  9642
   77     1 17544
   78     1 28811
   79  8737 11286
   80 10046 11812
   81 31733 28859
   82 14229 10663
   83 27861 31088
   84 28207 24179
   85  9045  4187
   86     1 18917
   87     1 18275
   88 14140 16846
   89 31312 29192
   90  9126  7261
   91 17238 15514
   92 11781 12886
   93  3494  3530
   94 12298 14849
   95     1 32242
   96 30125 31799
   97  8021 12391
   98 11724 14330
   99  3256  2298
  100 28616 32746
  101     1 20261
  102     1 25710
  103     1 32072
  104  2459  2866
  105 20042 17951
  106     1 16788
  107 11670  6685
  108  9946  9956
  109     1 16972
  110 23451 24183
  111     1 29400
  112  5542  6721
  113 27192 31207
  114 24637 21323
  115 13353 10611
  116     1 23420
  117  7786  8109
  118     1 28741
  119     1 16193
  120     1 17674
  121 29923 31685
  122  3715  7010
  123     1 31881
  124 26040 26984
  125     1 26133
  126 29194 28360
  127  1390  5449
  128     1 31995
  129     1 19264
  130     1 22659
  131  2006  3359
  132   499  2707
  133     1 21228
  134 22101 17770
  135 31078 32506
  136     1 29328
  137 14767 15311
  138  7068  2100
  139 16840 13939
  140  8149  8422
  141     1 22751
  142 14824 15370
  143 22675 23989
  144 27063 24969
  145  8578  9143
  146     1 15564
  147 13096 17028
  148 23002 23061
  149     1 25898
  150 14862 11348
  151     1 26189
  152 12000  8066
  153 13770 11391
  154  7584  5638
  155 26617 25295
  156     1 21710
  157 27109 31196
  158 32742 32449
  159     1 25681
  160     1  2143
  161     1 20049
  162     1 26396
  163  4672   564
  164     1 21921
  165     1 17401
  166 19374 23564
  167  1797  6360
  168 15028 17793
  169  9803  9163
  170  2845  4859
  171     1 21776
  172 12913  9711
  173     1 19874
  174     1   159
  175     1 19876
  176 19009 14268
  177     1 19588
  178 14134 17315
  179     1 30860
  180  6051  8341
  181 11570 13689
  182     1 17642
  183 12977 11706
  184 10462  7490
  185 24607 27478
  186  5054  5671
  187  5082  1932
  188  5884  2899
  189  7424  6237
  190 31552 30187
  191     1 32064
  192 11466  8772
  193  6526  2098
  194 31622 29630
  195     1 31625
  196  1601   635
  197  8141 10225
  198  5060   823
  199     1 16372
  200 18823 18343
50001
