100
    1   485   485
    2 25094 25094
    3 16326 16326
    4 24506 24506
    5  9248  9248
    6 14416 14416
    7  5421  5421
    8   992   992
    9 20322 20322
   10 26649 26649
   11 15795 15795
   12 19237 19237
   13 18043 18043
   14  6457  6457
   15 22845 22845
   16  7815  7815
   17 24955 24955
   18 29446 29446
   19 19252 19252
   20 13422 13422
   21 21009 21009
   22  8791  8791
   23 25901 25901
   24  9359  9359
   25 21122 21122
   26 15667 15667
   27  1094  1094
   28  1598  1598
   29 18738 18738
   30  2007  2007
   31 18574 18574
   32   544   544
   33 15715 15715
   34 25334 25334
   35 18882 18882
   36  2766  2766
   37 21367 21367
   38  3994  3994
   39  9984  9984
   40 29893 29893
   41 23299 23299
   42 22633 22633
   43  9433  9433
   44  7131  7131
   45  5682  5682
   46  5428  5428
   47    72    72
   48 26700 26700
   49  7874  7874
   50 20617 20617
   51   138   138
   52  5874  5874
   53 13856 13856
   54 27720 27720
   55 27145 27145
   56 14419 14419
   57  7995  7995
   58 19794 19794
   59 21529 21529
   60  8196  8196
   61 26199 26199
   62 25997 25997
   63  3277  3277
   64  3116  3116
   65 20097 20097
   66 15908 15908
   67  9719  9719
   68 25539 25539
   69 25242 25242
   70 25707 25707
   71 26107 26107
   72 28569 28569
   73  1122  1122
   74 15537 15537
   75  1070  1070
   76 10931 10931
   77 16098 16098
   78  5726  5726
   79 13600 13600
   80 15487 15487
   81  6645  6645
   82  9772  9772
   83 27267 27267
   84  7513  7513
   85 21972 21972
   86 22081 22081
   87 19895 19895
   88 29943 29943
   89  3213  3213
   90 28058 28058
   91  9748  9748
   92 14303 14303
   93 29487 29487
   94 23764 23764
   95 21923 21923
   96  6536  6536
   97 17029 17029
   98   724   724
   99 15674 15674
  100 13789 13789
30001
