1000
    1   196   485
    2     0  1094
    3     0   326
    4     0   506
    5     0  1248
    6     0   416
    7     0  1421
    8     0   992
    9     0   322
   10     0   649
   11     0  1795
   12     0  1237
   13     0    43
   14     0   457
   15     0   845
   16     0  1815
   17     0   955
   18     0  1446
   19     0  1252
   20     0  1422
   21     0  1009
   22     0   791
   23     0  1901
   24     0  1359
   25     0  1122
   26     0  1667
   27     0  1094
   28     0  1598
   29     0   738
   30     0     7
   31     0   574
   32     0   544
   33     0  1715
   34     0  1334
   35     0   882
   36     0   766
   37     0  1367
   38     0  1994
   39     0  1984
   40     0  1893
   41     0  1299
   42     0   633
   43     0  1433
   44     0  1131
   45     0  1682
   46     0  1428
   47     0    72
   48     0   700
   49     0  1874
   50     0   617
   51     0   138
   52     0  1874
   53     0  1856
   54     0  1720
   55     0  1145
   56     0   419
   57     0  1995
   58     0  1794
   59     0  1529
   60     0   196
   61     0   199
   62     0  1997
   63     0  1277
   64     0  1116
   65     0    97
   66     0  1908
   67     0  1719
   68     0  1539
   69     0  1242
   70     0  1707
   71     0   107
   72     0   569
   73     0  1122
   74     0  1537
   75     0  1070
   76     0   931
   77     0    98
   78     0  1726
   79     0  1600
   80     0  1487
   81     0   645
   82     0  1772
   83     0  1267
   84     0  1513
   85     0  1972
   86     0    81
   87     0  1895
   88     0  1943
   89     0  1213
   90     0    58
   91     0  1748
   92     0   303
   93     0  1487
   94     0  1764
   95     0  1923
   96     0   536
   97     0  1029
   98     0   724
   99     0  1674
  100     0  1789
  101     0   540
  102     0  1479
  103     0  1554
  104     0   142
  105     0   467
  106     0   339
  107     0  1046
  108     0   641
  109     0  1710
  110     0  1196
  111     0   553
  112     0  1494
  113     0  1191
  114     0    66
  115     0   724
  116     0   824
  117     0  1730
  118     0  1208
  119     0   988
  120     0  1711
  121     0    90
  122     0   800
  123     0  1340
  124     0  1314
  125     0  1549
  126     0   289
  127     0   196
  128     0  1401
  129     0   865
  130     0  1466
  131     0  1678
  132     0   689
  133     0  1570
  134     0   833
  135     0   936
  136     0  1225
  137     0  1722
  138     0   244
  139     0  1651
  140     0  1849
  141     0   123
  142     0   113
  143     0  1431
  144     0  1379
  145     0   508
  146     0  1361
  147     0  1585
  148     0    65
  149     0  1853
  150     0  1486
  151     0  1642
  152     0   686
  153     0  1992
  154     0  1286
  155     0   725
  156     0  1889
  157     0  1286
  158     0    24
  159     0  1812
  160     0  1491
  161     0   859
  162     0   891
  163     0   663
  164     0  1090
  165     0  1088
  166     0  1181
  167     0   179
  168     0  1214
  169     0   187
  170     0  1017
  171     0   619
  172     0  1472
  173     0  1261
  174     0   418
  175     0   846
  176     0  1419
  177     0  1192
  178     0  1356
  179     0  1261
  180     0   682
  181     0  1514
  182     0  1306
  183     0   886
  184     0   201
  185     0  1530
  186     0   385
  187     0   849
  188     0  1952
  189     0  1294
  190     0  1500
  191     0  1799
  192     0  1194
  193     0   391
  194     0  1737
  195     0   330
  196     0   324
  197     0   298
  198     0   992
  199     0   790
  200     0   224
  201     0  1275
  202     0   260
  203     0  1826
  204     0  1097
  205     0    72
  206     0   210
  207     0   866
  208     0  1649
  209     0  1951
  210     0   919
  211     0   748
  212     0  1063
  213     0   685
  214     0   958
  215     0  1956
  216     0   804
  217     0   564
  218     0   518
  219     0   183
  220     0  1428
  221     0  1400
  222     0  1537
  223     0   721
  224     0  1346
  225     0  1207
  226     0   153
  227     0  1323
  228     0   971
  229     0   611
  230     0  1662
  231     0   116
  232     0   197
  233     0   109
  234     0    91
  235     0   795
  236     0  1529
  237     0  1343
  238     0  1126
  239     0  1862
  240     0   747
  241     0  1685
  242     0   469
  243     0  1010
  244     0  1770
  245     0  1881
  246     0  1934
  247     0   984
  248     0   723
  249     0  1403
  250     0  1895
  251     0   360
  252     0  1568
  253     0  1449
  254     0   172
  255     0  1541
  256     0   958
  257     0   272
  258     0   383
  259     0   877
  260     0  1308
  261     0  1359
  262     0   970
  263     0   707
  264     0  1583
  265     0   308
  266     0    48
  267     0  1770
  268     0   930
  269     0  1030
  270     0  1569
  271     0   208
  272     0  1003
  273     0  1311
  274     0  1020
  275     0   100
  276     0  1609
  277     0  1939
  278     0  1887
  279     0   422
  280     0   825
  281     0   785
  282     0  1930
  283     0  1370
  284     0   904
  285     0  1989
  286     0   241
  287     0   969
  288     0  1379
  289     0  1143
  290     0  1376
  291     0  1972
  292     0  1962
  293     0  1028
  294     0   889
  295     0  1061
  296     0  1443
  297     0  1638
  298     0   216
  299     0  1348
  300     0  1338
  301     0  1347
  302     0  1160
  303     0    66
  304     0   406
  305     0  1391
  306     0   159
  307     0  1638
  308     0  1031
  309     0  1295
  310     0  1204
  311     0  1826
  312     0  1420
  313     0  1196
  314     0  1153
  315     0   449
  316     0  1425
  317     0  1855
  318     0  1331
  319     0   143
  320     0   565
  321     0  1487
  322     0  1838
  323     0  1140
  324     0     9
  325     0   564
  326     0  1918
  327     0  1615
  328     0   533
  329     0   135
  330     0   232
  331     0  1564
  332     0  1957
  333     0   360
  334     0   591
  335     0  1793
  336     0   576
  337     0  1163
  338     0  1746
  339     0   859
  340     0   377
  341     0  1760
  342     0  1858
  343     0  1711
  344     0  1086
  345     0  1662
  346     0   434
  347     0   159
  348     0   558
  349     0  1660
  350     0   279
  351     0   268
  352     0   840
  353     0  1948
  354     0   735
  355     0  1315
  356     0   574
  357     0   676
  358     0   126
  359     0   341
  360     0  1912
  361     0  1689
  362     0   739
  363     0  1894
  364     0   821
  365     0  1706
  366     0  1625
  367     0  1490
  368     0  1917
  369     0  1478
  370     0   201
  371     0  1671
  372     0   993
  373     0  1932
  374     0  1149
  375     0   899
  376     0    52
  377     0   237
  378     0  1759
  379     0   187
  380     0  1267
  381     0  1472
  382     0   256
  383     0   772
  384     0   783
  385     0    98
  386     0   117
  387     0  1906
  388     0  1516
  389     0  1911
  390     0  1180
  391     0   635
  392     0  1025
  393     0   225
  394     0   380
  395     0   823
  396     0  1712
  397     0  1164
  398     0   266
  399     0   343
  400     0  1216
  401     0  1732
  402     0  1448
  403     0  1502
  404     0  1541
  405     0   740
  406     0   664
  407     0   576
  408     0  1954
  409     0  1612
  410     0  1726
  411     0   902
  412     0   772
  413     0  1454
  414     0   531
  415     0   411
  416     0   943
  417     0  1973
  418     0  1750
  419     0  1703
  420     0   327
  421     0   850
  422     0  1917
  423     0  1077
  424     0     5
  425     0  1220
  426     0  1113
  427     0   802
  428     0  1913
  429     0   403
  430     0   791
  431     0   181
  432     0  1998
  433     0    10
  434     0  1859
  435     0  1525
  436     0   345
  437     0  1919
  438     0  1431
  439     0   668
  440     0  1675
  441     0   527
  442     0   833
  443     0  1462
  444     0   438
  445     0  1291
  446     0  1523
  447     0  1605
  448     0  1916
  449     0   457
  450     0   420
  451     0   405
  452     0   115
  453     0  1417
  454     0   660
  455     0   279
  456     0   261
  457     0  1685
  458     0  1772
  459     0  1596
  460     0   388
  461     0   307
  462     0  1764
  463     0   224
  464     0   843
  465     0  1322
  466     0   206
  467     0  1840
  468     0  1407
  469     0   975
  470     0   639
  471     0  1401
  472     0   852
  473     0    91
  474     0   542
  475     0  1327
  476     0    60
  477     0   330
  478     0   757
  479     0   182
  480     0  1082
  481     0  1603
  482     0  1637
  483     0  1793
  484     0  1093
  485     0  1615
  486     0   614
  487     0  1733
  488     0   136
  489     0  1864
  490     0   187
  491     0  1016
  492     0   102
  493     0   863
  494     0  1972
  495     0   987
  496     0  1163
  497     0  1306
  498     0  1501
  499     0    34
  500     0   477
  501     0   840
  502     0  1492
  503     0   700
  504     0  1121
  505     0   706
  506     0  1080
  507     0   787
  508     0   138
  509     0  1105
  510     0  1660
  511     0   834
  512     0  1229
  513     0  1798
  514     0   827
  515     0  1310
  516     0   448
  517     0  1609
  518     0   230
  519     0   690
  520     0   832
  521     0   561
  522     0   489
  523     0  1579
  524     0  1586
  525     0    60
  526     0  1291
  527     0  1388
  528     0  1665
  529     0  1309
  530     0   660
  531     0  1407
  532     0  1702
  533     0  1200
  534     0   153
  535     0   313
  536     0  1606
  537     0   970
  538     0  1123
  539     0  1033
  540     0  1253
  541     0   273
  542     0  1709
  543     0  1277
  544     0  1832
  545     0   997
  546     0   108
  547     0  1040
  548     0   888
  549     0  1227
  550     0  1481
  551     0  1860
  552     0  1283
  553     0  1940
  554     0   858
  555     0  1608
  556     0   284
  557     0   990
  558     0  1711
  559     0  1590
  560     0   850
  561     0   806
  562     0  1239
  563     0  1052
  564     0   943
  565     0  1801
  566     0   195
  567     0  1764
  568     0  1095
  569     0   710
  570     0  1410
  571     0   386
  572     0  1664
  573     0   593
  574     0  1900
  575     0  1050
  576     0   112
  577     0  1494
  578     0  1963
  579     0   156
  580     0   754
  581     0   936
  582     0  1458
  583     0  1965
  584     0    19
  585     0    86
  586     0   225
  587     0   723
  588     0   569
  589     0   184
  590     0    97
  591     0  1868
  592     0   194
  593     0  1340
  594     0  1754
  595     0   412
  596     0   602
  597     0   487
  598     0  1061
  599     0   209
  600     0   695
  601     0   346
  602     0   347
  603     0  1860
  604     0   719
  605     0   307
  606     0  1100
  607     0    95
  608     0  1097
  609     0  1821
  610     0   843
  611     0  1941
  612     0  1745
  613     0   821
  614     0  1286
  615     0  1587
  616     0  1492
  617     0   201
  618     0   116
  619     0  1665
  620     0  1531
  621     0   527
  622     0   424
  623     0  1812
  624     0  1253
  625     0  1424
  626     0  1426
  627     0  1459
  628     0   413
  629     0  1343
  630     0   980
  631     0   836
  632     0  1291
  633     0   506
  634     0   833
  635     0   179
  636     0   486
  637     0  1916
  638     0  1009
  639     0   430
  640     0  1575
  641     0  1596
  642     0  1922
  643     0  1808
  644     0  1145
  645     0  1269
  646     0  1897
  647     0  1512
  648     0  1404
  649     0  1811
  650     0   742
  651     0  1685
  652     0   728
  653     0   567
  654     0  1269
  655     0  1776
  656     0  1103
  657     0   855
  658     0  1745
  659     0  1718
  660     0  1035
  661     0   853
  662     0  1779
  663     0    97
  664     0    71
  665     0  1146
  666     0  1080
  667     0  1746
  668     0   842
  669     0    15
  670     0   128
  671     0  1965
  672     0   941
  673     0  1512
  674     0   227
  675     0   480
  676     0    30
  677     0   958
  678     0  1342
  679     0  1665
  680     0   605
  681     0  1191
  682     0  1531
  683     0   964
  684     0  1364
  685     0   515
  686     0  1359
  687     0  1606
  688     0   867
  689     0   822
  690     0  1820
  691     0   536
  692     0   313
  693     0  1693
  694     0  1207
  695     0  1019
  696     0   911
  697     0   335
  698     0   308
  699     0   101
  700     0   430
  701     0  1922
  702     0   685
  703     0  1294
  704     0   641
  705     0  1910
  706     0   113
  707     0   410
  708     0  1141
  709     0  1250
  710     0  1690
  711     0   546
  712     0   700
  713     0   729
  714     0  1559
  715     0   609
  716     0   481
  717     0  1720
  718     0   503
  719     0  1976
  720     0  1766
  721     0  1759
  722     0     7
  723     0   798
  724     0  1882
  725     0    74
  726     0  1859
  727     0   648
  728     0   182
  729     0   299
  730     0   425
  731     0   785
  732     0  1542
  733     0  1846
  734     0   683
  735     0   390
  736     0   853
  737     0  1897
  738     0  1938
  739     0   416
  740     4  1089
  741   144   837
  742    56   624
  743 20480  1247
  744     0  1181
  745     0  1293
  746     0   878
  747     0   144
  748     0   933
  749     0   938
  750     0   580
  751     0  1467
  752     0   252
  753     0  1480
  754     0  1207
  755     0   955
  756     0   658
  757     0  1665
  758     0  1020
  759     0    26
  760     0  1954
  761     0   564
  762     0   347
  763     0  1449
  764     0   759
  765     0  1026
  766     0   446
  767     0   521
  768     0    14
  769     0  1301
  770     0  1657
  771     0  1321
  772     0   710
  773     0  1613
  774     0   980
  775     0  1388
  776     0  1188
  777     0  1879
  778     0  1636
  779     0  1990
  780     0  1203
  781     0   188
  782     0  1432
  783     0   963
  784     0  1129
  785     0   820
  786     0  1630
  787     0  1300
  788     0  1509
  789     0   822
  790     0  1237
  791     0  1255
  792     0   373
  793     0  1277
  794     0  1838
  795     0  1153
  796     0  1395
  797     0  1400
  798     0  1692
  799     0  1227
  800     0  1103
  801     0  1518
  802     0   218
  803     0  1447
  804     0  1384
  805     0   315
  806     0  1931
  807     0   813
  808     0  1396
  809     0  1324
  810     0  1389
  811     0   502
  812     0   640
  813     0  1299
  814     0  1287
  815     0  1780
  816     0  1297
  817     0   376
  818     0   977
  819     0  1516
  820     0  1512
  821     0  1212
  822     0  1219
  823     0  1329
  824     0  1555
  825     0   810
  826     0  1398
  827     0  1486
  828     0   289
  829     0  1485
  830     0  1798
  831     0   416
  832     0  1598
  833     0   952
  834     0  1049
  835     0   894
  836     0   572
  837     0   358
  838     0   697
  839     0    21
  840     0   770
  841     0  1647
  842     0  1725
  843     0  1044
  844     0   542
  845     0  1683
  846     0   214
  847     0  1361
  848     0   887
  849     0  1814
  850     0  1045
  851     0   231
  852     0    94
  853     0     8
  854     0   282
  855     0  1165
  856     0    82
  857     0   496
  858     0  1319
  859     0  1699
  860     0   626
  861     0   852
  862     0   146
  863     0   459
  864     0   541
  865     0   535
  866     0   874
  867     0  1314
  868     0   725
  869     0   944
  870     0  1777
  871     0  1306
  872     0  1554
  873     0  1459
  874     0  1208
  875     0  1637
  876     0   787
  877     0   447
  878     0  1976
  879     0  1408
  880     0   912
  881     0  1107
  882     0   444
  883     0  1962
  884     0  1003
  885     0  1565
  886     0   301
  887     0  1407
  888     0   164
  889     0  1857
  890     0   437
  891     0  1317
  892     0   652
  893     0    98
  894     0  1764
  895     0   818
  896     0  1041
  897     0  1600
  898     0   737
  899     0  1288
  900     0  1176
  901     0  1902
  902     0   136
  903     0  1567
  904     0  1128
  905     0   190
  906     0  1394
  907     0   749
  908     0  1235
  909     0   908
  910     0  1042
  911     0   276
  912     0  1824
  913     0  1748
  914     0   684
  915     0  1592
  916     0   979
  917     0  1393
  918     0  1568
  919     0   363
  920     0   367
  921     0   163
  922     0    52
  923     0   983
  924     0   642
  925     0  1179
  926     0   335
  927     0  1016
  928     0   126
  929     0  1478
  930     0   130
  931     0   259
  932     0   583
  933     0   868
  934     0   129
  935     0   295
  936     0  1752
  937     0   596
  938     0  1167
  939     0  1071
  940     0  1856
  941     0   622
  942     0  1640
  943     0   864
  944     0  1770
  945     0  1644
  946     0  1431
  947     0     5
  948     0  1195
  949     0  1365
  950     0  1448
  951     0  1429
  952     0  1701
  953     0  1064
  954     0   952
  955     0  1854
  956     0  1880
  957     0   770
  958     0   168
  959     0  1088
  960     0  1079
  961     0   157
  962     0   961
  963     0  1368
  964     0   472
  965     0   421
  966     0  1217
  967     0  1719
  968     0   709
  969     0  1271
  970     0   147
  971     0   975
  972     0  1296
  973     0  1816
  974     0   909
  975     0  1962
  976     0  1764
  977     0  1535
  978     0  1251
  979     0   438
  980     0  1878
  981     0  1696
  982     0  1753
  983     0   881
  984     0   570
  985     0  1318
  986     0  1253
  987     0    45
  988     0  1666
  989     0  1052
  990     0   931
  991     0   496
  992     0   433
  993     0   313
  994     0  1810
  995     0   138
  996     0  1678
  997     0  1334
  998     0   123
  999     0  1988
 1000     0   212
2001
