5000
    1   485   485
    2 15094 15094
    3 16326 16326
    4  4506  4506
    5 19248 19248
    6 14416 14416
    7  5421  5421
    8   992   992
    9   322   322
   10  6649  6649
   11 15795 15795
   12  9237  9237
   13 18043 18043
   14 16457 16457
   15  2845  2845
   16  7815  7815
   17  4955  4955
   18 19446 19446
   19  9252  9252
   20  3422  3422
   21  1009  1009
   22  8791  8791
   23  5901  5901
   24  9359  9359
   25  1122  1122
   26  5667  5667
   27  1094  1094
   28 11598 11598
   29 18738 18738
   30  2007  2007
   31  8574  8574
   32   544   544
   33  5715  5715
   34  5334  5334
   35 18882 18882
   36  2766  2766
   37 11367 11367
   38 13994 13994
   39 19984 19984
   40 19893 19893
   41 13299 13299
   42  2633  2633
   43  9433  9433
   44  7131  7131
   45 15682 15682
   46  5428  5428
   47 10072 10072
   48 16700 16700
   49 17874 17874
   50 10617 10617
   51   138   138
   52 15874 15874
   53 13856 13856
   54 17720 17720
   55  7145  7145
   56 14419 14419
   57 17995 17995
   58  9794  9794
   59 11529 11529
   60  8196  8196
   61 16199 16199
   62 15997 15997
   63  3277  3277
   64  3116  3116
   65    97    97
   66 15908 15908
   67 19719 19719
   68 15539 15539
   69 15242 15242
   70  5707  5707
   71 16107 16107
   72 18569 18569
   73  1122  1122
   74  5537  5537
   75  1070  1070
   76 10931 10931
   77 16098 16098
   78 15726 15726
   79 13600 13600
   80 15487 15487
   81 16645 16645
   82 19772 19772
   83  7267  7267
   84  7513  7513
   85  1972  1972
   86 12081 12081
   87  9895  9895
   88  9943  9943
   89  3213  3213
   90  8058  8058
   91 19748 19748
   92  4303  4303
   93  9487  9487
   94 13764 13764
   95 11923 11923
   96  6536  6536
   97 17029 17029
   98 10724 10724
   99  5674  5674
  100  3789  3789
  101 18540 18540
  102  7479  7479
  103  5554  5554
  104  2142  2142
  105  2467  2467
  106 18339 18339
  107  7046  7046
  108  8641  8641
  109  9710  9710
  110  3196  3196
  111   553   553
  112  1494  1494
  113 13191 13191
  114  4066  4066
  115 18724 18724
  116 10824 10824
  117  5730  5730
  118 19208 19208
  119 16988 16988
  120 19711 19711
  121 12090 12090
  122 18800 18800
  123 19340 19340
  124  3314  3314
  125  7549  7549
  126  6289  6289
  127  4196  4196
  128  9401  9401
  129 10865 10865
  130  1466  1466
  131 19678 19678
  132  2689  2689
  133  5570  5570
  134  6833  6833
  135 14936 14936
  136 15225 15225
  137  3722  3722
  138 16244 16244
  139 13651 13651
  140  3849  3849
  141 16123 16123
  142 18113 18113
  143 11431 11431
  144 13379 13379
  145 18508 18508
  146 17361 17361
  147  7585  7585
  148  2065  2065
  149  1853  1853
  150  7486  7486
  151 19642 19642
  152 12686 12686
  153 17992 17992
  154 17286 17286
  155 16725 16725
  156 11889 11889
  157  1286  1286
  158 18024 18024
  159  1812  1812
  160 19491 19491
  161  8859  8859
  162  6891  6891
  163   663   663
  164 15090 15090
  165  1088  1088
  166  5181  5181
  167  4179  4179
  168  1214  1214
  169 14187 14187
  170  1017  1017
  171 16619 16619
  172  3472  3472
  173  7261  7261
  174  4418  4418
  175 16846 16846
  176  5419  5419
  177  9192  9192
  178 17356 17356
  179 17261 17261
  180  6682  6682
  181 15514 15514
  182  9306  9306
  183 12886 12886
  184 12201 12201
  185  3530  3530
  186  8385  8385
  187  4849  4849
  188 11952 11952
  189  3294  3294
  190 11500 11500
  191 11799 11799
  192  1194  1194
  193  2391  2391
  194 19737 19737
  195  4330  4330
  196  4324  4324
  197  2298  2298
  198 12992 12992
  199 12790 12790
  200  2224  2224
  201  5275  5275
  202 18260 18260
  203  9826  9826
  204 11097 11097
  205 12072 12072
  206 14210 14210
  207  2866  2866
  208  1649  1649
  209  7951  7951
  210 16919 16919
  211 18748 18748
  212 13063 13063
  213 16685 16685
  214 12958 12958
  215  9956  9956
  216 14804 14804
  217  8564  8564
  218   518   518
  219  4183  4183
  220  5428  5428
  221  9400  9400
  222  5537  5537
  223  6721  6721
  224 15346 15346
  225  1207  1207
  226 14153 14153
  227  1323  1323
  228 18971 18971
  229   611   611
  230 17662 17662
  231 12116 12116
  232 14197 14197
  233  8109  8109
  234 18091 18091
  235  6795  6795
  236 11529 11529
  237 19343 19343
  238  5126  5126
  239 17862 17862
  240 18747 18747
  241  1685  1685
  242  8469  8469
  243  7010  7010
  244  3770  3770
  245 11881 11881
  246  1934  1934
  247 16984 16984
  248   723   723
  249  9403  9403
  250 11895 11895
  251 18360 18360
  252 17568 17568
  253  5449  5449
  254 16172 16172
  255 13541 13541
  256 16958 16958
  257 16272 16272
  258  4383  4383
  259 12877 12877
  260 13308 13308
  261 13359 13359
  262 14970 14970
  263 12707 12707
  264 13583 13583
  265  4308  4308
  266  6048  6048
  267  7770  7770
  268   930   930
  269 13030 13030
  270  7569  7569
  271  6208  6208
  272  5003  5003
  273 15311 15311
  274  7020  7020
  275  2100  2100
  276 11609 11609
  277  3939  3939
  278 15887 15887
  279  8422  8422
  280  6825  6825
  281 12785 12785
  282 19930 19930
  283 15370 15370
  284 14904 14904
  285 13989 13989
  286   241   241
  287 14969 14969
  288  7379  7379
  289  9143  9143
  290  9376  9376
  291 19972 19972
  292 17962 17962
  293  7028  7028
  294 16889 16889
  295  3061  3061
  296 17443 17443
  297  9638  9638
  298  8216  8216
  299  1348  1348
  300 15338 15338
  301  9347  9347
  302  9160  9160
  303 18066 18066
  304  6406  6406
  305  1391  1391
  306  8159  8159
  307  5638  5638
  308 13031 13031
  309  5295  5295
  310 15204 15204
  311 13826 13826
  312  7420  7420
  313  1196  1196
  314 19153 19153
  315 12449 12449
  316  3425  3425
  317  9855  9855
  318  5331  5331
  319 12143 12143
  320   565   565
  321 15487 15487
  322 17838 17838
  323 19140 19140
  324  8009  8009
  325 10564 10564
  326 13918 13918
  327  3615  3615
  328   533   533
  329 18135 18135
  330 10232 10232
  331 13564 13564
  332 13957 13957
  333  6360  6360
  334 16591 16591
  335  7793  7793
  336 10576 10576
  337  9163  9163
  338 13746 13746
  339 14859 14859
  340  6377  6377
  341 13760 13760
  342  3858  3858
  343 19711 19711
  344  3086  3086
  345  5662  5662
  346  2434  2434
  347 10159 10159
  348 10558 10558
  349 15660 15660
  350  4279  4279
  351 14268 14268
  352 12840 12840
  353  5948  5948
  354  2735  2735
  355 17315 17315
  356  8574  8574
  357 14676 14676
  358 10126 10126
  359  8341  8341
  360  3912  3912
  361 13689 13689
  362  8739  8739
  363  7894  7894
  364   821   821
  365 11706 11706
  366  3625  3625
  367 17490 17490
  368 15917 15917
  369  7478  7478
  370 16201 16201
  371 15671 15671
  372 12993 12993
  373  1932  1932
  374  1149  1149
  375  2899  2899
  376 10052 10052
  377  6237  6237
  378 19759 19759
  379 10187 10187
  380  9267  9267
  381 13472 13472
  382 12256 12256
  383 18772 18772
  384  8783  8783
  385 12098 12098
  386 18117 18117
  387  5906  5906
  388  1516  1516
  389 13911 13911
  390  7180  7180
  391 10635 10635
  392 17025 17025
  393   225   225
  394   380   380
  395 10823 10823
  396 15712 15712
  397 19164 19164
  398 18266 18266
  399 18343 18343
  400 13216 13216
  401  1732  1732
  402  1448  1448
  403  9502  9502
  404 19541 19541
  405 12740 12740
  406  2664  2664
  407  2576  2576
  408 13954 13954
  409  3612  3612
  410  5726  5726
  411 16902 16902
  412 16772 16772
  413  5454  5454
  414  8531  8531
  415 18411 18411
  416  4943  4943
  417  7973  7973
  418  1750  1750
  419 17703 17703
  420  2327  2327
  421 14850 14850
  422 13917 13917
  423 17077 17077
  424  4005  4005
  425  1220  1220
  426  3113  3113
  427  4802  4802
  428 19913 19913
  429 12403 12403
  430 10791 10791
  431  6181  6181
  432 17998 17998
  433 12010 12010
  434 15859 15859
  435 17525 17525
  436 10345 10345
  437 13919 13919
  438 17431 17431
  439 14668 14668
  440  9675  9675
  441 16527 16527
  442  2833  2833
  443 13462 13462
  444  4438  4438
  445  5291  5291
  446 13523 13523
  447 11605 11605
  448  7916  7916
  449 18457 18457
  450 16420 16420
  451  8405  8405
  452 18115 18115
  453  1417  1417
  454  6660  6660
  455 14279 14279
  456 14261 14261
  457 17685 17685
  458  9772  9772
  459 17596 17596
  460 18388 18388
  461 12307 12307
  462 11764 11764
  463   224   224
  464 18843 18843
  465  3322  3322
  466  8206  8206
  467  5840  5840
  468 17407 17407
  469 16975 16975
  470 10639 10639
  471  1401  1401
  472 10852 10852
  473 14091 14091
  474  2542  2542
  475  5327  5327
  476  6060  6060
  477   330   330
  478  6757  6757
  479 14182 14182
  480  3082  3082
  481 19603 19603
  482 11637 11637
  483 11793 11793
  484  3093  3093
  485 15615 15615
  486   614   614
  487  3733  3733
  488 10136 10136
  489 13864 13864
  490 10187 10187
  491 19016 19016
  492  4102  4102
  493 14863 14863
  494 19972 19972
  495  6987  6987
  496  9163  9163
  497 15306 15306
  498 17501 17501
  499  8034  8034
  500   477   477
  501 16840 16840
  502 13492 13492
  503  6700  6700
  504 11121 11121
  505  4706  4706
  506 13080 13080
  507 14787 14787
  508  8138  8138
  509 19105 19105
  510  7660  7660
  511 10834 10834
  512  1229  1229
  513  5798  5798
  514 14827 14827
  515  3310  3310
  516  2448  2448
  517 11609 11609
  518  8230  8230
  519   690   690
  520 18832 18832
  521  8561  8561
  522 16489 16489
  523 19579 19579
  524 11586 11586
  525    60    60
  526 11291 11291
  527  7388  7388
  528  9665  9665
  529 11309 11309
  530  6660  6660
  531  1407  1407
  532 13702 13702
  533  3200  3200
  534  2153  2153
  535 12313 12313
  536  7606  7606
  537  8970  8970
  538  3123  3123
  539  1033  1033
  540 11253 11253
  541  2273  2273
  542  9709  9709
  543 15277 15277
  544 15832 15832
  545  8997  8997
  546 12108 12108
  547 19040 19040
  548   888   888
  549  5227  5227
  550  1481  1481
  551 11860 11860
  552  1283  1283
  553 15940 15940
  554 18858 18858
  555  5608  5608
  556 14284 14284
  557 14990 14990
  558 15711 15711
  559  3590  3590
  560  6850  6850
  561  6806  6806
  562 11239 11239
  563 17052 17052
  564 18943 18943
  565  1801  1801
  566  2195  2195
  567 19764 19764
  568  7095  7095
  569 14710 14710
  570  1410  1410
  571 18386 18386
  572 11664 11664
  573  2593  2593
  574 13900 13900
  575 19050 19050
  576   112   112
  577 15494 15494
  578  3963  3963
  579 12156 12156
  580  8754  8754
  581 16936 16936
  582 17458 17458
  583  9965  9965
  584    19    19
  585 12086 12086
  586  6225  6225
  587 10723 10723
  588 18569 18569
  589  4184  4184
  590  6097  6097
  591 19868 19868
  592  2194  2194
  593 17340 17340
  594 15754 15754
  595 14412 14412
  596 14602 14602
  597 14487 14487
  598 11061 11061
  599   209   209
  600 12695 12695
  601 12346 12346
  602 10347 10347
  603  3860  3860
  604  6719  6719
  605  8307  8307
  606  1100  1100
  607    95    95
  608 11097 11097
  609  5821  5821
  610  6843  6843
  611 13941 13941
  612  3745  3745
  613  2821  2821
  614 13286 13286
  615  1587  1587
  616  7492  7492
  617 18201 18201
  618 10116 10116
  619  5665  5665
  620  1531  1531
  621 12527 12527
  622  2424  2424
  623 17812 17812
  624 19253 19253
  625  9424  9424
  626  1426  1426
  627 11459 11459
  628 18413 18413
  629  9343  9343
  630 16980 16980
  631  4836  4836
  632 11291 11291
  633 10506 10506
  634  2833  2833
  635 10179 10179
  636   486   486
  637 11916 11916
  638  9009  9009
  639 14430 14430
  640 11575 11575
  641 17596 17596
  642  7922  7922
  643 15808 15808
  644 19145 19145
  645 17269 17269
  646  9897  9897
  647 15512 15512
  648 13404 13404
  649  7811  7811
  650   742   742
  651 13685 13685
  652 10728 10728
  653  2567  2567
  654 13269 13269
  655  3776  3776
  656  5103  5103
  657 10855 10855
  658 19745 19745
  659 17718 17718
  660 13035 13035
  661 16853 16853
  662 17779 17779
  663 12097 12097
  664 16071 16071
  665  1146  1146
  666 13080 13080
  667  9746  9746
  668 16842 16842
  669  6015  6015
  670  8128  8128
  671  3965  3965
  672   941   941
  673 11512 11512
  674   227   227
  675 10480 10480
  676  6030  6030
  677 10958 10958
  678  1342  1342
  679 11665 11665
  680 12605 12605
  681  5191  5191
  682 13531 13531
  683 14964 14964
  684 13364 13364
  685  2515  2515
  686  5359  5359
  687 19606 19606
  688 16867 16867
  689 16822 16822
  690 13820 13820
  691  4536  4536
  692 18313 18313
  693 19693 19693
  694  5207  5207
  695  1019  1019
  696 18911 18911
  697 10335 10335
  698 14308 14308
  699  6101  6101
  700 16430 16430
  701  9922  9922
  702 18685 18685
  703  9294  9294
  704 16641 16641
  705  3910  3910
  706   113   113
  707 12410 12410
  708  9141  9141
  709 13250 13250
  710  7690  7690
  711 10546 10546
  712  2700  2700
  713 16729 16729
  714 11559 11559
  715 18609 18609
  716 16481 16481
  717 19720 19720
  718 10503 10503
  719  3976  3976
  720 11766 11766
  721 11759 11759
  722     7     7
  723 12798 12798
  724 11882 11882
  725 14074 14074
  726  1859  1859
  727  8648  8648
  728 14182 14182
  729   299   299
  730 10425 10425
  731 10785 10785
  732 15542 15542
  733 19846 19846
  734  4683  4683
  735   390   390
  736   853   853
  737  7897  7897
  738 15938 15938
  739  6416  6416
  740 13089 13089
  741   837   837
  742   624   624
  743  3247  3247
  744 15181 15181
  745 17293 17293
  746 12878 12878
  747 18144 18144
  748 10933 10933
  749  2938  2938
  750   580   580
  751 11467 11467
  752  2252  2252
  753  1480  1480
  754 19207 19207
  755  8955  8955
  756 12658 12658
  757 15665 15665
  758  9020  9020
  759  8026  8026
  760 17954 17954
  761  4564  4564
  762 16347 16347
  763  9449  9449
  764 10759 10759
  765 17026 17026
  766 14446 14446
  767 10521 10521
  768 16014 16014
  769 19301 19301
  770 13657 13657
  771 17321 17321
  772 18710 18710
  773  1613  1613
  774  8980  8980
  775  7388  7388
  776  5188  5188
  777  5879  5879
  778 15636 15636
  779 19990 19990
  780  1203  1203
  781  8188  8188
  782  3432  3432
  783 14963 14963
  784  9129  9129
  785  4820  4820
  786 17630 17630
  787  7300  7300
  788  5509  5509
  789 18822 18822
  790  7237  7237
  791  1255  1255
  792   373   373
  793  3277  3277
  794 17838 17838
  795 17153 17153
  796  7395  7395
  797 19400 19400
  798  3692  3692
  799 15227 15227
  800  9103  9103
  801  7518  7518
  802  8218  8218
  803 11447 11447
  804 11384 11384
  805 10315 10315
  806  7931  7931
  807 12813 12813
  808  9396  9396
  809  5324  5324
  810 15389 15389
  811  6502  6502
  812   640   640
  813 15299 15299
  814  3287  3287
  815  5780  5780
  816  5297  5297
  817  6376  6376
  818 16977 16977
  819 13516 13516
  820  1512  1512
  821 11212 11212
  822 13219 13219
  823 11329 11329
  824 11555 11555
  825   810   810
  826  5398  5398
  827 15486 15486
  828  6289  6289
  829  9485  9485
  830 17798 17798
  831 16416 16416
  832 17598 17598
  833 12952 12952
  834 19049 19049
  835  2894  2894
  836 10572 10572
  837 10358 10358
  838  2697  2697
  839  4021  4021
  840   770   770
  841  7647  7647
  842  3725  3725
  843 19044 19044
  844 12542 12542
  845 11683 11683
  846   214   214
  847 15361 15361
  848  2887  2887
  849 17814 17814
  850  7045  7045
  851 16231 16231
  852 12094 12094
  853  2008  2008
  854   282   282
  855  7165  7165
  856  8082  8082
  857 14496 14496
  858 11319 11319
  859 11699 11699
  860 12626 12626
  861 14852 14852
  862  2146  2146
  863  2459  2459
  864   541   541
  865 18535 18535
  866 16874 16874
  867 13314 13314
  868 16725 16725
  869 10944 10944
  870 15777 15777
  871  3306  3306
  872  9554  9554
  873  3459  3459
  874 19208 19208
  875 17637 17637
  876 16787 16787
  877 10447 10447
  878 15976 15976
  879  7408  7408
  880 12912 12912
  881 13107 13107
  882   444   444
  883 17962 17962
  884 17003 17003
  885  1565  1565
  886  4301  4301
  887  7407  7407
  888   164   164
  889  1857  1857
  890  4437  4437
  891  3317  3317
  892  8652  8652
  893 12098 12098
  894  9764  9764
  895 18818 18818
  896 13041 13041
  897  9600  9600
  898 12737 12737
  899  9288  9288
  900  1176  1176
  901 15902 15902
  902 16136 16136
  903  1567  1567
  904  1128  1128
  905  6190  6190
  906  1394  1394
  907 18749 18749
  908 11235 11235
  909  2908  2908
  910 17042 17042
  911  4276  4276
  912 11824 11824
  913 17748 17748
  914 18684 18684
  915 19592 19592
  916 16979 16979
  917  9393  9393
  918  9568  9568
  919  8363  8363
  920 10367 10367
  921  8163  8163
  922  8052  8052
  923   983   983
  924  4642  4642
  925  5179  5179
  926  4335  4335
  927 11016 11016
  928  4126  4126
  929 11478 11478
  930  2130  2130
  931  2259  2259
  932  2583  2583
  933 16868 16868
  934  8129  8129
  935  4295  4295
  936  3752  3752
  937 16596 16596
  938 17167 17167
  939 15071 15071
  940  7856  7856
  941 14622 14622
  942  7640  7640
  943 12864 12864
  944  9770  9770
  945 13644 13644
  946 11431 11431
  947  6005  6005
  948 11195 11195
  949 15365 15365
  950  7448  7448
  951  3429  3429
  952  5701  5701
  953  7064  7064
  954   952   952
  955  7854  7854
  956 13880 13880
  957 12770 12770
  958  4168  4168
  959  9088  9088
  960  7079  7079
  961  8157  8157
  962 12961 12961
  963 13368 13368
  964  4472  4472
  965 16421 16421
  966 15217 15217
  967  1719  1719
  968 18709 18709
  969 11271 11271
  970 10147 10147
  971 18975 18975
  972  7296  7296
  973 15816 15816
  974 10909 10909
  975 13962 13962
  976  5764  5764
  977  3535  3535
  978  5251  5251
  979 14438 14438
  980 15878 15878
  981  3696  3696
  982  5753  5753
  983  4881  4881
  984  8570  8570
  985  3318  3318
  986  5253  5253
  987  8045  8045
  988  7666  7666
  989 19052 19052
  990  6931  6931
  991  2496  2496
  992   433   433
  993  2313  2313
  994 17810 17810
  995  8138  8138
  996 15678 15678
  997 17334 17334
  998 16123 16123
  999 13988 13988
 1000   212   212
 1001   508   508
 1002  6066  6066
 1003 18770 18770
 1004 17206 17206
 1005   751   751
 1006  3750  3750
 1007  3780  3780
 1008  8064  8064
 1009  7441  7441
 1010 16466 16466
 1011   207   207
 1012  9337  9337
 1013  8516  8516
 1014  5510  5510
 1015   674   674
 1016 13796 13796
 1017 19408 19408
 1018 10175 10175
 1019 18920 18920
 1020 12437 12437
 1021  2573  2573
 1022  9938  9938
 1023 16634 16634
 1024  6848  6848
 1025 12878 12878
 1026 15561 15561
 1027  4990  4990
 1028  4718  4718
 1029 10826 10826
 1030  2948  2948
 1031  9696  9696
 1032  8649  8649
 1033 13800 13800
 1034 17569 17569
 1035  2411  2411
 1036 12663 12663
 1037 12422 12422
 1038 10582 10582
 1039   707   707
 1040 19843 19843
 1041 11334 11334
 1042  6202  6202
 1043 17986 17986
 1044  3702  3702
 1045 17494 17494
 1046  8579  8579
 1047 19150 19150
 1048  2725  2725
 1049 13562 13562
 1050  9803  9803
 1051  3380  3380
 1052 14340 14340
 1053 15832 15832
 1054  2156  2156
 1055  6979  6979
 1056 11832 11832
 1057 17376 17376
 1058  2602  2602
 1059 17511 17511
 1060  4234  4234
 1061  7414  7414
 1062  4688  4688
 1063 12160 12160
 1064  8184  8184
 1065  1982  1982
 1066  4978  4978
 1067 10238 10238
 1068  9413  9413
 1069  3490  3490
 1070  3633  3633
 1071  7899  7899
 1072 13585 13585
 1073 13251 13251
 1074  8606  8606
 1075  9526  9526
 1076  4963  4963
 1077 19897 19897
 1078  3350  3350
 1079 16039 16039
 1080 14242 14242
 1081 19657 19657
 1082 18539 18539
 1083   452   452
 1084 16739 16739
 1085 17538 17538
 1086 15267 15267
 1087 14831 14831
 1088 11165 11165
 1089 17460 17460
 1090 17177 17177
 1091 12185 12185
 1092  5720  5720
 1093 13934 13934
 1094  8802  8802
 1095  4440  4440
 1096  8644  8644
 1097  1490  1490
 1098 11082 11082
 1099 15168 15168
 1100 13798 13798
 1101  6071  6071
 1102 11197 11197
 1103  2977  2977
 1104 16173 16173
 1105 14458 14458
 1106 14081 14081
 1107 14204 14204
 1108  3235  3235
 1109   803   803
 1110 14112 14112
 1111 11139 11139
 1112 11103 11103
 1113   399   399
 1114 15268 15268
 1115  1420  1420
 1116 17879 17879
 1117   991   991
 1118 15643 15643
 1119  2578  2578
 1120  9106  9106
 1121 10972 10972
 1122  4122  4122
 1123  7177  7177
 1124  4444  4444
 1125 11398 11398
 1126 19262 19262
 1127   348   348
 1128   691   691
 1129 13496 13496
 1130  9997  9997
 1131 10276 10276
 1132 16446 16446
 1133  8825  8825
 1134 14171 14171
 1135 12614 12614
 1136 15549 15549
 1137 17121 17121
 1138 18281 18281
 1139 18730 18730
 1140 13211 13211
 1141 14341 14341
 1142  3112  3112
 1143  7284  7284
 1144  1408  1408
 1145  9698  9698
 1146  8730  8730
 1147  6017  6017
 1148  3363  3363
 1149   546   546
 1150  8089  8089
 1151  8672  8672
 1152 12605 12605
 1153  8974  8974
 1154  1938  1938
 1155 13866 13866
 1156 18168 18168
 1157 15377 15377
 1158  1705  1705
 1159 10559 10559
 1160 19047 19047
 1161 14340 14340
 1162  6400  6400
 1163 14527 14527
 1164 15215 15215
 1165  2779  2779
 1166 16114 16114
 1167 17761 17761
 1168 18051 18051
 1169  1483  1483
 1170  9881  9881
 1171 15092 15092
 1172 17549 17549
 1173 10390 10390
 1174  1679  1679
 1175 13583 13583
 1176  4328  4328
 1177  4661  4661
 1178 15250 15250
 1179  2391  2391
 1180  4203  4203
 1181 14336 14336
 1182   481   481
 1183  7661  7661
 1184 10752 10752
 1185 12125 12125
 1186  4707  4707
 1187  3089  3089
 1188 16082 16082
 1189  6275  6275
 1190  5063  5063
 1191 18359 18359
 1192  2660  2660
 1193 15178 15178
 1194 18021 18021
 1195  7780  7780
 1196   287   287
 1197  9042  9042
 1198  5219  5219
 1199  4005  4005
 1200 14500 14500
 1201  2380  2380
 1202 16820 16820
 1203 17772 17772
 1204  4095  4095
 1205  3816  3816
 1206 14044 14044
 1207     9     9
 1208 14748 14748
 1209 19484 19484
 1210 17678 17678
 1211 12545 12545
 1212  4276  4276
 1213  8589  8589
 1214  7478  7478
 1215  6157  6157
 1216 17663 17663
 1217 11901 11901
 1218  4594  4594
 1219 17777 17777
 1220 19757 19757
 1221 13074 13074
 1222 13947 13947
 1223 12247 12247
 1224  6448  6448
 1225 13055 13055
 1226 17570 17570
 1227  9479  9479
 1228 19313 19313
 1229   785   785
 1230 16981 16981
 1231  5958  5958
 1232  9795  9795
 1233 10680 10680
 1234  7552  7552
 1235 16393 16393
 1236  2389  2389
 1237   944   944
 1238 19280 19280
 1239 12596 12596
 1240  4864  4864
 1241 12619 12619
 1242  7636  7636
 1243 10611 10611
 1244   512   512
 1245  1852  1852
 1246 16892 16892
 1247 11283 11283
 1248 13184 13184
 1249 11299 11299
 1250 10947 10947
 1251  4766  4766
 1252  1614  1614
 1253  3312  3312
 1254 15625 15625
 1255 11826 11826
 1256 19149 19149
 1257 16726 16726
 1258 12377 12377
 1259  4733  4733
 1260  6474  6474
 1261 17805 17805
 1262  7018  7018
 1263 18679 18679
 1264  6662  6662
 1265 10403 10403
 1266 16416 16416
 1267  3964  3964
 1268 14001 14001
 1269 10337 10337
 1270   530   530
 1271  5541  5541
 1272 13752 13752
 1273 19478 19478
 1274 18022 18022
 1275 10369 10369
 1276  8981  8981
 1277 10946 10946
 1278 18777 18777
 1279 16821 16821
 1280 17957 17957
 1281  4833  4833
 1282 17275 17275
 1283  5837  5837
 1284  2584  2584
 1285 17490 17490
 1286 10582 10582
 1287  7037  7037
 1288  9121  9121
 1289 14594 14594
 1290 19951 19951
 1291  3129  3129
 1292  2668  2668
 1293 19258 19258
 1294 10118 10118
 1295  3246  3246
 1296 18319 18319
 1297 15362 15362
 1298  3896  3896
 1299  9755  9755
 1300 18521 18521
 1301  3504  3504
 1302  6948  6948
 1303  1071  1071
 1304 10248 10248
 1305   177   177
 1306  2474  2474
 1307 18176 18176
 1308  7351  7351
 1309 14803 14803
 1310 19054 19054
 1311  7237  7237
 1312 19155 19155
 1313  1677  1677
 1314 17660 17660
 1315  6033  6033
 1316  1871  1871
 1317 15115 15115
 1318  8486  8486
 1319 19597 19597
 1320  5294  5294
 1321 15769 15769
 1322  8425  8425
 1323 19536 19536
 1324  1245  1245
 1325  6956  6956
 1326 18382 18382
 1327 17341 17341
 1328  6371  6371
 1329 14184 14184
 1330 13708 13708
 1331  2234  2234
 1332  2544  2544
 1333  3569  3569
 1334  2794  2794
 1335  6216  6216
 1336 18387 18387
 1337  7537  7537
 1338  8738  8738
 1339  6084  6084
 1340  8520  8520
 1341  3810  3810
 1342  1281  1281
 1343 17657 17657
 1344 19502 19502
 1345 19033 19033
 1346 18091 18091
 1347 12159 12159
 1348   503   503
 1349  1520  1520
 1350 16924 16924
 1351 19668 19668
 1352 17016 17016
 1353  2287  2287
 1354 13033 13033
 1355  2229  2229
 1356  1344  1344
 1357 12374 12374
 1358  9349  9349
 1359 16474 16474
 1360  5606  5606
 1361  5672  5672
 1362  4896  4896
 1363  3915  3915
 1364  9595  9595
 1365  7511  7511
 1366 18441 18441
 1367  1123  1123
 1368  7102  7102
 1369  2569  2569
 1370  8052  8052
 1371  3199  3199
 1372 12654 12654
 1373  3396  3396
 1374 14710 14710
 1375 11715 11715
 1376 13434 13434
 1377  4059  4059
 1378 19245 19245
 1379 17610 17610
 1380  6036  6036
 1381   917   917
 1382 13661 13661
 1383 13927 13927
 1384  5413  5413
 1385  5270  5270
 1386  1013  1013
 1387  1117  1117
 1388  1370  1370
 1389  1516  1516
 1390   400   400
 1391   215   215
 1392  3195  3195
 1393  8216  8216
 1394 16984 16984
 1395  7237  7237
 1396   476   476
 1397 14615 14615
 1398 12164 12164
 1399   499   499
 1400 11405 11405
 1401 10477 10477
 1402 16674 16674
 1403 10760 10760
 1404  1196  1196
 1405 10285 10285
 1406 10608 10608
 1407  8056  8056
 1408  2907  2907
 1409 16966 16966
 1410 10532 10532
 1411 15622 15622
 1412 11051 11051
 1413 10221 10221
 1414   716   716
 1415  3194  3194
 1416  6327  6327
 1417  5091  5091
 1418  8880  8880
 1419 12347 12347
 1420  1710  1710
 1421  5252  5252
 1422 13267 13267
 1423 14473 14473
 1424 19400 19400
 1425 17516 17516
 1426  8376  8376
 1427 11385 11385
 1428  3609  3609
 1429  8357  8357
 1430  8320  8320
 1431  2958  2958
 1432 16196 16196
 1433  7665  7665
 1434 11538 11538
 1435 11792 11792
 1436 12935 12935
 1437 14064 14064
 1438  8404  8404
 1439 17420 17420
 1440  2100  2100
 1441  2671  2671
 1442 19126 19126
 1443 16968 16968
 1444  1855  1855
 1445   877   877
 1446  2094  2094
 1447  6177  6177
 1448 15731 15731
 1449  4523  4523
 1450  8253  8253
 1451  3139  3139
 1452 15008 15008
 1453 11152 11152
 1454 17393 17393
 1455  9732  9732
 1456  2543  2543
 1457   246   246
 1458 13348 13348
 1459  5565  5565
 1460 19318 19318
 1461  2740  2740
 1462 15489 15489
 1463   902   902
 1464  6022  6022
 1465 11017 11017
 1466  8998  8998
 1467   973   973
 1468  2049  2049
 1469 11298 11298
 1470 17381 17381
 1471  6611  6611
 1472    10    10
 1473  9032  9032
 1474 19429 19429
 1475  7011  7011
 1476 19221 19221
 1477  3337  3337
 1478 14150 14150
 1479  9136  9136
 1480  6717  6717
 1481  5889  5889
 1482 18530 18530
 1483 16522 16522
 1484  9332  9332
 1485   805   805
 1486  8942  8942
 1487  8028  8028
 1488 16565 16565
 1489 17931 17931
 1490  1216  1216
 1491 18757 18757
 1492  7061  7061
 1493  7609  7609
 1494  8170  8170
 1495 14544 14544
 1496  2872  2872
 1497 12905 12905
 1498  8644  8644
 1499 12595 12595
 1500 18208 18208
 1501 12246 12246
 1502  4680  4680
 1503  2113  2113
 1504 13697 13697
 1505 19175 19175
 1506 15639 15639
 1507 18156 18156
 1508  5679  5679
 1509 12244 12244
 1510 15961 15961
 1511 17883 17883
 1512 14361 14361
 1513 10265 10265
 1514   802   802
 1515 10883 10883
 1516 13359 13359
 1517  1462  1462
 1518 17839 17839
 1519   485   485
 1520  2718  2718
 1521 10272 10272
 1522  3280  3280
 1523  3204  3204
 1524  8252  8252
 1525 10984 10984
 1526  1280  1280
 1527 17409 17409
 1528 19102 19102
 1529  7398  7398
 1530  5615  5615
 1531 17909 17909
 1532 12296 12296
 1533 18370 18370
 1534   481   481
 1535  7882  7882
 1536  4956  4956
 1537  1214  1214
 1538  1230  1230
 1539 19766 19766
 1540 10259 10259
 1541 16035 16035
 1542  6922  6922
 1543 10421 10421
 1544 17706 17706
 1545 15271 15271
 1546  2272  2272
 1547 10370 10370
 1548  7156  7156
 1549 13848 13848
 1550  6552  6552
 1551  8050  8050
 1552 17485 17485
 1553 15976 15976
 1554 16536 16536
 1555  4270  4270
 1556  1070  1070
 1557  7796  7796
 1558   902   902
 1559  5963  5963
 1560  7452  7452
 1561 11379 11379
 1562 17035 17035
 1563  5991  5991
 1564  5947  5947
 1565 10551 10551
 1566 11378 11378
 1567   897   897
 1568 13057 13057
 1569 10307 10307
 1570  2352  2352
 1571 14421 14421
 1572  1669  1669
 1573    74    74
 1574   702   702
 1575  6388  6388
 1576 13141 13141
 1577 18559 18559
 1578  7458  7458
 1579  9980  9980
 1580 11463 11463
 1581  3615  3615
 1582 11756 11756
 1583 14681 14681
 1584  2887  2887
 1585  2231  2231
 1586  2332  2332
 1587 13207 13207
 1588 16528 16528
 1589 12818 12818
 1590 18656 18656
 1591 15331 15331
 1592 15254 15254
 1593 14979 14979
 1594  9787  9787
 1595  8445  8445
 1596 10495 10495
 1597  6348  6348
 1598 18370 18370
 1599 13724 13724
 1600  9010  9010
 1601 15401 15401
 1602  7200  7200
 1603 11646 11646
 1604  4327  4327
 1605  8668  8668
 1606  1017  1017
 1607 15242 15242
 1608  1374  1374
 1609  5302  5302
 1610 19755 19755
 1611  9861  9861
 1612  7980  7980
 1613  8830  8830
 1614 19376 19376
 1615    77    77
 1616 13008 13008
 1617 13441 13441
 1618    32    32
 1619 13589 13589
 1620 15460 15460
 1621 19990 19990
 1622 18804 18804
 1623  8189  8189
 1624  3023  3023
 1625 17868 17868
 1626 16869 16869
 1627  5996  5996
 1628  5943  5943
 1629 13363 13363
 1630 13715 13715
 1631   237   237
 1632   628   628
 1633 16420 16420
 1634  3073  3073
 1635  2565  2565
 1636 19199 19199
 1637 15214 15214
 1638 19038 19038
 1639 12333 12333
 1640 11209 11209
 1641 17726 17726
 1642 15327 15327
 1643  4175  4175
 1644 19912 19912
 1645  2058  2058
 1646  9799  9799
 1647  6625  6625
 1648  7372  7372
 1649  3066  3066
 1650 11976 11976
 1651 14169 14169
 1652  3120  3120
 1653 11475 11475
 1654  1667  1667
 1655  4204  4204
 1656 18188 18188
 1657 13090 13090
 1658  6028  6028
 1659 11496 11496
 1660  5704  5704
 1661  8001  8001
 1662   649   649
 1663  6474  6474
 1664   746   746
 1665 13449 13449
 1666  4697  4697
 1667  8252  8252
 1668  5712  5712
 1669  9332  9332
 1670 18289 18289
 1671  6287  6287
 1672  9625  9625
 1673 14189 14189
 1674  1953  1953
 1675 11889 11889
 1676 14462 14462
 1677  3063  3063
 1678  9302  9302
 1679  2378  2378
 1680  6079  6079
 1681  1206  1206
 1682 18041 18041
 1683 11897 11897
 1684  4823  4823
 1685 11230 11230
 1686 17908 17908
 1687 17382 17382
 1688  7665  7665
 1689  7575  7575
 1690  6036  6036
 1691 13060 13060
 1692 19732 19732
 1693 19529 19529
 1694  4809  4809
 1695 17477 17477
 1696 19066 19066
 1697 17290 17290
 1698  1291  1291
 1699    89    89
 1700  6591  6591
 1701  4961  4961
 1702  6583  6583
 1703  3461  3461
 1704  3252  3252
 1705 15702 15702
 1706 15479 15479
 1707  9532  9532
 1708 16530 16530
 1709 18680 18680
 1710  4224  4224
 1711  9053  9053
 1712 11788 11788
 1713  1642  1642
 1714 12309 12309
 1715  5000  5000
 1716  6366  6366
 1717  2891  2891
 1718 17352 17352
 1719 13822 13822
 1720 18402 18402
 1721  1152  1152
 1722 12545 12545
 1723  6324  6324
 1724 14113 14113
 1725 17633 17633
 1726  2967  2967
 1727  9267  9267
 1728  4454  4454
 1729  8381  8381
 1730  5723  5723
 1731  8272  8272
 1732 12014 12014
 1733 14506 14506
 1734  8020  8020
 1735 16419 16419
 1736 13308 13308
 1737 16461 16461
 1738  8644  8644
 1739  7526  7526
 1740   713   713
 1741 18978 18978
 1742  1482  1482
 1743 11468 11468
 1744 13336 13336
 1745  2729  2729
 1746   289   289
 1747  8795  8795
 1748 15496 15496
 1749 17581 17581
 1750 12326 12326
 1751 17383 17383
 1752 18530 18530
 1753  2226  2226
 1754  6167  6167
 1755  1421  1421
 1756  5522  5522
 1757  3386  3386
 1758 19830 19830
 1759 11273 11273
 1760  7091  7091
 1761  2484  2484
 1762 15116 15116
 1763 18676 18676
 1764 15747 15747
 1765 11107 11107
 1766   395   395
 1767 11229 11229
 1768  3958  3958
 1769 12902 12902
 1770 15756 15756
 1771  4962  4962
 1772 16262 16262
 1773  4105  4105
 1774 11703 11703
 1775  3084  3084
 1776  5511  5511
 1777  5991  5991
 1778 16481 16481
 1779  1701  1701
 1780 15449 15449
 1781  9689  9689
 1782 11888 11888
 1783 17655 17655
 1784  4599  4599
 1785  5600  5600
 1786 17306 17306
 1787 13538 13538
 1788  8492  8492
 1789  7499  7499
 1790  5803  5803
 1791 13881 13881
 1792  9445  9445
 1793  2981  2981
 1794 17316 17316
 1795 12473 12473
 1796 17889 17889
 1797  4383  4383
 1798 10785 10785
 1799   679   679
 1800  5765  5765
 1801  7573  7573
 1802  9491  9491
 1803 11589 11589
 1804  8589  8589
 1805 16480 16480
 1806  6124  6124
 1807   145   145
 1808 15741 15741
 1809 17624 17624
 1810  7898  7898
 1811  4923  4923
 1812  8725  8725
 1813 18915 18915
 1814  8682  8682
 1815 11232 11232
 1816  4131  4131
 1817  6974  6974
 1818 12398 12398
 1819 13735 13735
 1820 13906 13906
 1821  4678  4678
 1822 13753 13753
 1823 15640 15640
 1824 13312 13312
 1825 12644 12644
 1826  6790  6790
 1827 12212 12212
 1828 12301 12301
 1829 15123 15123
 1830  1945  1945
 1831  7253  7253
 1832 14447 14447
 1833 16943 16943
 1834 19197 19197
 1835 10018 10018
 1836  1027  1027
 1837  1916  1916
 1838 10573 10573
 1839 17327 17327
 1840 10589 10589
 1841 18640 18640
 1842 17934 17934
 1843 17615 17615
 1844 18209 18209
 1845  9470  9470
 1846  9529  9529
 1847  1655  1655
 1848  5899  5899
 1849 12288 12288
 1850  5015  5015
 1851 12401 12401
 1852  7592  7592
 1853  7840  7840
 1854 13092 13092
 1855  4633  4633
 1856 17575 17575
 1857  4707  4707
 1858 13814 13814
 1859 14424 14424
 1860 13354 13354
 1861  1682  1682
 1862 15127 15127
 1863 19194 19194
 1864  8374  8374
 1865  6855  6855
 1866 19566 19566
 1867 14190 14190
 1868  7594  7594
 1869 19728 19728
 1870 14973 14973
 1871  1178  1178
 1872  5645  5645
 1873 14275 14275
 1874  1603  1603
 1875  4088  4088
 1876  7712  7712
 1877  6367  6367
 1878  4032  4032
 1879 14544 14544
 1880  9298  9298
 1881  3738  3738
 1882 17561 17561
 1883  2963  2963
 1884  1906  1906
 1885   460   460
 1886  4626  4626
 1887  1266  1266
 1888 10143 10143
 1889   727   727
 1890  8504  8504
 1891  3033  3033
 1892  3836  3836
 1893  3442  3442
 1894  7361  7361
 1895  3628  3628
 1896 10431 10431
 1897  6384  6384
 1898   554   554
 1899 17244 17244
 1900  6024  6024
 1901 14482 14482
 1902 16416 16416
 1903 17765 17765
 1904 18735 18735
 1905 17446 17446
 1906  1243  1243
 1907 18247 18247
 1908 14454 14454
 1909 17913 17913
 1910 16932 16932
 1911 18560 18560
 1912 10494 10494
 1913  2528  2528
 1914 18648 18648
 1915 14594 14594
 1916 18357 18357
 1917 15935 15935
 1918 14596 14596
 1919 13462 13462
 1920 19788 19788
 1921  9621  9621
 1922  3536  3536
 1923  7660  7660
 1924 14759 14759
 1925 10564 10564
 1926 14200 14200
 1927 18302 18302
 1928 19566 19566
 1929  3936  3936
 1930 18741 18741
 1931  6592  6592
 1932  9217  9217
 1933 16724 16724
 1934 12219 12219
 1935 18118 18118
 1936 13832 13832
 1937  4299  4299
 1938  9819  9819
 1939  7251  7251
 1940  4487  4487
 1941  8129  8129
 1942 18473 18473
 1943  7096  7096
 1944   241   241
 1945  8167  8167
 1946 11064 11064
 1947  5169  5169
 1948 10516 10516
 1949  2381  2381
 1950  5857  5857
 1951  5976  5976
 1952 11218 11218
 1953 18767 18767
 1954 15490 15490
 1955   837   837
 1956 15504 15504
 1957  5407  5407
 1958  8707  8707
 1959 11203 11203
 1960 10342 10342
 1961  5387  5387
 1962 15475 15475
 1963  2735  2735
 1964 13175 13175
 1965  1706  1706
 1966  4786  4786
 1967 12335 12335
 1968 10171 10171
 1969    40    40
 1970   232   232
 1971 19821 19821
 1972 12888 12888
 1973 17131 17131
 1974 14866 14866
 1975  2159  2159
 1976 16976 16976
 1977 10978 10978
 1978  8253  8253
 1979 16053 16053
 1980  1619  1619
 1981 19849 19849
 1982 13642 13642
 1983 18478 18478
 1984  5460  5460
 1985  1019  1019
 1986 19218 19218
 1987 18230 18230
 1988 12218 12218
 1989  6453  6453
 1990  9667  9667
 1991  4336  4336
 1992  3949  3949
 1993  8931  8931
 1994 18089 18089
 1995 14588 14588
 1996  1488  1488
 1997 13449 13449
 1998 14568 14568
 1999 12566 12566
 2000 16526 16526
 2001  4272  4272
 2002  5860  5860
 2003 11883 11883
 2004  5004  5004
 2005 18731 18731
 2006 16772 16772
 2007 17080 17080
 2008 16734 16734
 2009 10213 10213
 2010  1259  1259
 2011 14177 14177
 2012 13270 13270
 2013  4872  4872
 2014  4006  4006
 2015 19626 19626
 2016 14424 14424
 2017   940   940
 2018 19204 19204
 2019 16150 16150
 2020 18313 18313
 2021   379   379
 2022  4159  4159
 2023 19833 19833
 2024  7205  7205
 2025  7517  7517
 2026  8025  8025
 2027  5724  5724
 2028 11951 11951
 2029 15973 15973
 2030  6721  6721
 2031 13581 13581
 2032  1635  1635
 2033  2839  2839
 2034 14293 14293
 2035  2272  2272
 2036   712   712
 2037 11412 11412
 2038 13410 13410
 2039  8839  8839
 2040 18465 18465
 2041  3492  3492
 2042  3366  3366
 2043 12553 12553
 2044  7074  7074
 2045 14718 14718
 2046  4023  4023
 2047   738   738
 2048  4416  4416
 2049 18839 18839
 2050  4764  4764
 2051  6390  6390
 2052  6049  6049
 2053  7588  7588
 2054 13817 13817
 2055 17523 17523
 2056 19507 19507
 2057 11630 11630
 2058 10152 10152
 2059   770   770
 2060  3256  3256
 2061  9746  9746
 2062 18562 18562
 2063 15049 15049
 2064  2495  2495
 2065  8369  8369
 2066 12414 12414
 2067  9537  9537
 2068 16078 16078
 2069  1115  1115
 2070   912   912
 2071  7215  7215
 2072  8059  8059
 2073  1971  1971
 2074 14259 14259
 2075  1602  1602
 2076 19258 19258
 2077 11551 11551
 2078  3841  3841
 2079    40    40
 2080  1137  1137
 2081  8494  8494
 2082 18590 18590
 2083 10252 10252
 2084 17383 17383
 2085  1158  1158
 2086  2869  2869
 2087 13072 13072
 2088 14939 14939
 2089  3177  3177
 2090 16282 16282
 2091 13667 13667
 2092 12880 12880
 2093  4483  4483
 2094  2479  2479
 2095  6815  6815
 2096 12454 12454
 2097    19    19
 2098 13730 13730
 2099  7745  7745
 2100 11556 11556
 2101  8339  8339
 2102 18195 18195
 2103  4614  4614
 2104 19409 19409
 2105 11302 11302
 2106 14580 14580
 2107  4319  4319
 2108  8099  8099
 2109  4670  4670
 2110 15913 15913
 2111  6513  6513
 2112 10798 10798
 2113 14566 14566
 2114 18318 18318
 2115 10027 10027
 2116 17790 17790
 2117 10322 10322
 2118  4344  4344
 2119 16645 16645
 2120 14080 14080
 2121  6210  6210
 2122  4468  4468
 2123 17841 17841
 2124 16922 16922
 2125 18925 18925
 2126 15179 15179
 2127 19521 19521
 2128 16347 16347
 2129   975   975
 2130  4231  4231
 2131  5269  5269
 2132 19597 19597
 2133  6929  6929
 2134  2607  2607
 2135  4478  4478
 2136  8903  8903
 2137  1970  1970
 2138  7310  7310
 2139  9684  9684
 2140 16223 16223
 2141  5231  5231
 2142 17010 17010
 2143 10673 10673
 2144  2845  2845
 2145  7348  7348
 2146  5905  5905
 2147 12232 12232
 2148  2058  2058
 2149 13727 13727
 2150 17093 17093
 2151  6597  6597
 2152 14759 14759
 2153 12397 12397
 2154 17912 17912
 2155  5539  5539
 2156  2906  2906
 2157  7907  7907
 2158  6043  6043
 2159  1892  1892
 2160  7076  7076
 2161   699   699
 2162  1552  1552
 2163 15408 15408
 2164 18670 18670
 2165 16361 16361
 2166  5671  5671
 2167 15789 15789
 2168 12353 12353
 2169  3529  3529
 2170 16837 16837
 2171 15190 15190
 2172 13012 13012
 2173 11880 11880
 2174  1889  1889
 2175  2236  2236
 2176  6912  6912
 2177   715   715
 2178  6377  6377
 2179 13718 13718
 2180  3056  3056
 2181 13439 13439
 2182 15585 15585
 2183  3814  3814
 2184  8852  8852
 2185 15902 15902
 2186  8715  8715
 2187  3658  3658
 2188  6421  6421
 2189 16410 16410
 2190 15330 15330
 2191 12412 12412
 2192  2051  2051
 2193  2090  2090
 2194 19840 19840
 2195   678   678
 2196  6697  6697
 2197  3951  3951
 2198  6848  6848
 2199  8037  8037
 2200  9826  9826
 2201  6593  6593
 2202 11198 11198
 2203  7737  7737
 2204  6341  6341
 2205  5211  5211
 2206  5274  5274
 2207   134   134
 2208  7740  7740
 2209 14847 14847
 2210  5339  5339
 2211 12490 12490
 2212 17875 17875
 2213 17095 17095
 2214 12400 12400
 2215 17435 17435
 2216 10603 10603
 2217 17737 17737
 2218 19474 19474
 2219 16860 16860
 2220  6126  6126
 2221  6310  6310
 2222  7973  7973
 2223 19548 19548
 2224  2973  2973
 2225  7984  7984
 2226 11581 11581
 2227  3660  3660
 2228  2788  2788
 2229  4086  4086
 2230  5629  5629
 2231  8635  8635
 2232 14799 14799
 2233  4941  4941
 2234 16475 16475
 2235 19056 19056
 2236 19959 19959
 2237  9372  9372
 2238 10080 10080
 2239  7650  7650
 2240  8917  8917
 2241 12964 12964
 2242 14091 14091
 2243 15735 15735
 2244  9783  9783
 2245   682   682
 2246 18773 18773
 2247   151   151
 2248  5712  5712
 2249  1283  1283
 2250   655   655
 2251  1773  1773
 2252 18953 18953
 2253 15643 15643
 2254  6279  6279
 2255 19898 19898
 2256 11701 11701
 2257 10817 10817
 2258  9706  9706
 2259 13269 13269
 2260 10147 10147
 2261  3731  3731
 2262  4355  4355
 2263 13507 13507
 2264 13100 13100
 2265 19841 19841
 2266 14498 14498
 2267 12207 12207
 2268  9261  9261
 2269  2752  2752
 2270  5591  5591
 2271  5318  5318
 2272  3630  3630
 2273 10126 10126
 2274 13374 13374
 2275  7153  7153
 2276 12960 12960
 2277  3101  3101
 2278  8917  8917
 2279   560   560
 2280  6406  6406
 2281 11743 11743
 2282 14759 14759
 2283  4816  4816
 2284  4618  4618
 2285 15980 15980
 2286 19981 19981
 2287  5001  5001
 2288 18641 18641
 2289 16082 16082
 2290  1131  1131
 2291  4886  4886
 2292 10920 10920
 2293 12377 12377
 2294 16534 16534
 2295 16465 16465
 2296 11453 11453
 2297  4753  4753
 2298  5397  5397
 2299   842   842
 2300 19051 19051
 2301 15547 15547
 2302 19301 19301
 2303 12580 12580
 2304  5197  5197
 2305  8754  8754
 2306 13910 13910
 2307 17037 17037
 2308   211   211
 2309 10548 10548
 2310 16851 16851
 2311 15896 15896
 2312  9042  9042
 2313  8656  8656
 2314  1919  1919
 2315 16537 16537
 2316  3030  3030
 2317  4078  4078
 2318 11674 11674
 2319   540   540
 2320  8979  8979
 2321 12597 12597
 2322  9764  9764
 2323  1314  1314
 2324 14937 14937
 2325 10845 10845
 2326  9656  9656
 2327  6361  6361
 2328 19590 19590
 2329  2930  2930
 2330 13337 13337
 2331 17654 17654
 2332  6997  6997
 2333  3841  3841
 2334  9643  9643
 2335  1810  1810
 2336 13652 13652
 2337  8098  8098
 2338  4632  4632
 2339 18814 18814
 2340 11827 11827
 2341  8898  8898
 2342   659   659
 2343  7237  7237
 2344 16056 16056
 2345  4236  4236
 2346  3097  3097
 2347  2397  2397
 2348  8304  8304
 2349  4468  4468
 2350  6771  6771
 2351  5160  5160
 2352 19680 19680
 2353 11168 11168
 2354 16344 16344
 2355  2189  2189
 2356  9561  9561
 2357 19123 19123
 2358 11632 11632
 2359  4783  4783
 2360 14666 14666
 2361 19991 19991
 2362 17235 17235
 2363  4775  4775
 2364  9071  9071
 2365 10565 10565
 2366  1327  1327
 2367 11906 11906
 2368 14824 14824
 2369  7604  7604
 2370  5001  5001
 2371 10233 10233
 2372 10948 10948
 2373  9693  9693
 2374 13851 13851
 2375 15209 15209
 2376 14780 14780
 2377 18279 18279
 2378  4603  4603
 2379 17231 17231
 2380  8380  8380
 2381  2675  2675
 2382 17084 17084
 2383 14370 14370
 2384 10684 10684
 2385 11814 11814
 2386  7757  7757
 2387  3276  3276
 2388 10605 10605
 2389 12238 12238
 2390  6304  6304
 2391   710   710
 2392 17358 17358
 2393 14931 14931
 2394  8294  8294
 2395 16879 16879
 2396 19742 19742
 2397  6492  6492
 2398 18037 18037
 2399  7081  7081
 2400  1004  1004
 2401  4347  4347
 2402 17707 17707
 2403  6417  6417
 2404  9131  9131
 2405 18582 18582
 2406  7660  7660
 2407 19801 19801
 2408 17089 17089
 2409  6195  6195
 2410   455   455
 2411 14403 14403
 2412 10303 10303
 2413  9247  9247
 2414 10680 10680
 2415 11356 11356
 2416  4970  4970
 2417 17627 17627
 2418  4934  4934
 2419  7858  7858
 2420  8951  8951
 2421 16803 16803
 2422  3404  3404
 2423  9236  9236
 2424 19446 19446
 2425   572   572
 2426  3349  3349
 2427  4485  4485
 2428  5093  5093
 2429 14586 14586
 2430  8672  8672
 2431 18748 18748
 2432 13158 13158
 2433  4235  4235
 2434 12772 12772
 2435  4859  4859
 2436 14891 14891
 2437  2788  2788
 2438 11532 11532
 2439  6345  6345
 2440  8621  8621
 2441  1861  1861
 2442  1347  1347
 2443 11342 11342
 2444 11227 11227
 2445 12779 12779
 2446  4555  4555
 2447 15595 15595
 2448 12016 12016
 2449 18963 18963
 2450 11303 11303
 2451  6260  6260
 2452 10941 10941
 2453 19366 19366
 2454 15833 15833
 2455  1835  1835
 2456  1190  1190
 2457  9733  9733
 2458 19622 19622
 2459 11834 11834
 2460 14345 14345
 2461  3442  3442
 2462 19893 19893
 2463  1773  1773
 2464 19192 19192
 2465  1880  1880
 2466 17430 17430
 2467 16873 16873
 2468  5160  5160
 2469  4793  4793
 2470   767   767
 2471  8173  8173
 2472 15170 15170
 2473  4402  4402
 2474 17810 17810
 2475 17060 17060
 2476 11318 11318
 2477  3628  3628
 2478  1690  1690
 2479  2019  2019
 2480 18224 18224
 2481  6146  6146
 2482 16052 16052
 2483  3685  3685
 2484  5411  5411
 2485  8138  8138
 2486  4203  4203
 2487  2593  2593
 2488 14785 14785
 2489  7202  7202
 2490 16219 16219
 2491 18500 18500
 2492  6061  6061
 2493  4089  4089
 2494 16919 16919
 2495  8433  8433
 2496  1191  1191
 2497  7063  7063
 2498  4711  4711
 2499 14514 14514
 2500 12294 12294
 2501  5865  5865
 2502 16937 16937
 2503  6393  6393
 2504 13253 13253
 2505 16269 16269
 2506 10103 10103
 2507  5111  5111
 2508  3316  3316
 2509  6614  6614
 2510  3625  3625
 2511  5272  5272
 2512  2639  2639
 2513  6973  6973
 2514 10641 10641
 2515  3609  3609
 2516  8139  8139
 2517 19236 19236
 2518  3045  3045
 2519 19496 19496
 2520 10316 10316
 2521  2024  2024
 2522  4218  4218
 2523  2871  2871
 2524 18293 18293
 2525 12227 12227
 2526  8747  8747
 2527  7420  7420
 2528  5879  5879
 2529 17850 17850
 2530   633   633
 2531 13127 13127
 2532 16010 16010
 2533 12170 12170
 2534 17356 17356
 2535  8224  8224
 2536  8665  8665
 2537 19722 19722
 2538  8536  8536
 2539 12189 12189
 2540 16823 16823
 2541 13597 13597
 2542 16603 16603
 2543 16286 16286
 2544  1392  1392
 2545    22    22
 2546   258   258
 2547 13957 13957
 2548  3771  3771
 2549 14536 14536
 2550 19820 19820
 2551  7221  7221
 2552  4139  4139
 2553 18281 18281
 2554 14566 14566
 2555 11238 11238
 2556  4229  4229
 2557  6531  6531
 2558 14325 14325
 2559  4449  4449
 2560  5804  5804
 2561  7735  7735
 2562   786   786
 2563 16670 16670
 2564  8983  8983
 2565  1646  1646
 2566   847   847
 2567 13272 13272
 2568  8388  8388
 2569  4605  4605
 2570   632   632
 2571   394   394
 2572 17253 17253
 2573 19508 19508
 2574   405   405
 2575 18537 18537
 2576 10137 10137
 2577  1955  1955
 2578 10283 10283
 2579 12477 12477
 2580 10678 10678
 2581 12969 12969
 2582  6659  6659
 2583 17692 17692
 2584   706   706
 2585  7963  7963
 2586 10786 10786
 2587 17829 17829
 2588 17313 17313
 2589 10638 10638
 2590 13143 13143
 2591 13206 13206
 2592 16713 16713
 2593  1185  1185
 2594   244   244
 2595  2187  2187
 2596  5489  5489
 2597 17129 17129
 2598  9844  9844
 2599  9300  9300
 2600  5896  5896
 2601  9114  9114
 2602  8602  8602
 2603 12305 12305
 2604 14210 14210
 2605  9199  9199
 2606 19930 19930
 2607  3916  3916
 2608 11692 11692
 2609  6839  6839
 2610  9457  9457
 2611 14899 14899
 2612 14241 14241
 2613 15452 15452
 2614 11950 11950
 2615 11185 11185
 2616  2229  2229
 2617   561   561
 2618 12212 12212
 2619 15848 15848
 2620 18222 18222
 2621 11191 11191
 2622 15032 15032
 2623 18830 18830
 2624  1747  1747
 2625  6860  6860
 2626 12869 12869
 2627 19873 19873
 2628  9245  9245
 2629  5649  5649
 2630 12575 12575
 2631 19591 19591
 2632 19818 19818
 2633  9974  9974
 2634 19204 19204
 2635  7974  7974
 2636 13584 13584
 2637   452   452
 2638 15822 15822
 2639  6397  6397
 2640  5198  5198
 2641  1350  1350
 2642  9942  9942
 2643  9597  9597
 2644  2942  2942
 2645  5013  5013
 2646  2899  2899
 2647  4392  4392
 2648  6375  6375
 2649  9343  9343
 2650 11327 11327
 2651  6756  6756
 2652 18479 18479
 2653 10387 10387
 2654  7066  7066
 2655   924   924
 2656 11950 11950
 2657 10188 10188
 2658  7464  7464
 2659 14068 14068
 2660  4286  4286
 2661 18552 18552
 2662 19573 19573
 2663 16166 16166
 2664 13294 13294
 2665 18435 18435
 2666  2137  2137
 2667  2014  2014
 2668 13557 13557
 2669 17797 17797
 2670 10423 10423
 2671  6254  6254
 2672 11427 11427
 2673 19300 19300
 2674  4095  4095
 2675   431   431
 2676  5715  5715
 2677 11367 11367
 2678  4403  4403
 2679  6197  6197
 2680 15453 15453
 2681 14233 14233
 2682 17735 17735
 2683 15149 15149
 2684 17001 17001
 2685 11062 11062
 2686 14145 14145
 2687 18038 18038
 2688  2782  2782
 2689 18069 18069
 2690 18848 18848
 2691 14425 14425
 2692 10456 10456
 2693 17810 17810
 2694 18490 18490
 2695 11878 11878
 2696  6679  6679
 2697 16503 16503
 2698  2461  2461
 2699 15308 15308
 2700  9844  9844
 2701  9798  9798
 2702  2070  2070
 2703  8437  8437
 2704 19599 19599
 2705 13798 13798
 2706 19888 19888
 2707  7036  7036
 2708 19395 19395
 2709 12583 12583
 2710 19733 19733
 2711 10412 10412
 2712   795   795
 2713 14195 14195
 2714 16368 16368
 2715  1878  1878
 2716  4094  4094
 2717 14388 14388
 2718  4114  4114
 2719 15438 15438
 2720  3046  3046
 2721 17532 17532
 2722 15795 15795
 2723  8003  8003
 2724  5583  5583
 2725  1268  1268
 2726 14321 14321
 2727  7417  7417
 2728 12714 12714
 2729  6277  6277
 2730  5332  5332
 2731 12229 12229
 2732 10257 10257
 2733  4445  4445
 2734  1906  1906
 2735 13380 13380
 2736  1301  1301
 2737  6974  6974
 2738 11277 11277
 2739  4248  4248
 2740 13651 13651
 2741 19433 19433
 2742   218   218
 2743 20000 20000
 2744 15109 15109
 2745 19874 19874
 2746 10558 10558
 2747  9939  9939
 2748 18388 18388
 2749 13760 13760
 2750 19121 19121
 2751 12473 12473
 2752  7372  7372
 2753 13811 13811
 2754   228   228
 2755 17766 17766
 2756  3208  3208
 2757 12306 12306
 2758 11326 11326
 2759 13556 13556
 2760 10572 10572
 2761 19521 19521
 2762  2050  2050
 2763 14364 14364
 2764 16753 16753
 2765  2460  2460
 2766  8077  8077
 2767  9136  9136
 2768  2266  2266
 2769 15458 15458
 2770  7227  7227
 2771  9784  9784
 2772  2502  2502
 2773  7648  7648
 2774 11337 11337
 2775 11783 11783
 2776    31    31
 2777 11960 11960
 2778  4629  4629
 2779 14137 14137
 2780 11215 11215
 2781  8591  8591
 2782  4353  4353
 2783 16875 16875
 2784  8274  8274
 2785 11440 11440
 2786 12343 12343
 2787  2263  2263
 2788 18758 18758
 2789  3040  3040
 2790 16838 16838
 2791 13835 13835
 2792   478   478
 2793 14943 14943
 2794 15595 15595
 2795 19749 19749
 2796 11255 11255
 2797 14263 14263
 2798  4331  4331
 2799 19597 19597
 2800 19362 19362
 2801  8005  8005
 2802  1084  1084
 2803  1999  1999
 2804  6016  6016
 2805   161   161
 2806 11459 11459
 2807 18035 18035
 2808 14220 14220
 2809 10891 10891
 2810 17016 17016
 2811 14459 14459
 2812 14865 14865
 2813  6996  6996
 2814 15719 15719
 2815  9592  9592
 2816 15292 15292
 2817  2054  2054
 2818 16175 16175
 2819  6985  6985
 2820   461   461
 2821 16401 16401
 2822 12301 12301
 2823 13298 13298
 2824  2759  2759
 2825 17459 17459
 2826  5715  5715
 2827 13077 13077
 2828  7207  7207
 2829 16611 16611
 2830 14129 14129
 2831 14159 14159
 2832 13681 13681
 2833 13467 13467
 2834  2261  2261
 2835 18737 18737
 2836  5893  5893
 2837   895   895
 2838 12399 12399
 2839  5049  5049
 2840 11377 11377
 2841 10382 10382
 2842 18189 18189
 2843  2285  2285
 2844  7360  7360
 2845  8388  8388
 2846  3014  3014
 2847  1972  1972
 2848 15728 15728
 2849  4265  4265
 2850  7314  7314
 2851  7729  7729
 2852 12225 12225
 2853 10810 10810
 2854   534   534
 2855 14973 14973
 2856 11914 11914
 2857  8818  8818
 2858  8094  8094
 2859  3295  3295
 2860  8549  8549
 2861 16532 16532
 2862  4674  4674
 2863  6058  6058
 2864  3434  3434
 2865 11736 11736
 2866 19211 19211
 2867 15187 15187
 2868 12986 12986
 2869 14896 14896
 2870 10863 10863
 2871 13998 13998
 2872 18802 18802
 2873 14997 14997
 2874  8279  8279
 2875 17476 17476
 2876 12031 12031
 2877  2259  2259
 2878 15810 15810
 2879  3475  3475
 2880  5968  5968
 2881  8494  8494
 2882  1187  1187
 2883  4130  4130
 2884  6791  6791
 2885 11151 11151
 2886 13190 13190
 2887   639   639
 2888  2410  2410
 2889  3855  3855
 2890 16592 16592
 2891 19480 19480
 2892  8886  8886
 2893   478   478
 2894 11875 11875
 2895 10386 10386
 2896  3763  3763
 2897 18672 18672
 2898  8352  8352
 2899  8361  8361
 2900  5058  5058
 2901  1894  1894
 2902 19815 19815
 2903 11460 11460
 2904 16562 16562
 2905 16148 16148
 2906  8571  8571
 2907 16660 16660
 2908  6322  6322
 2909  8628  8628
 2910  6465  6465
 2911 16329 16329
 2912  4418  4418
 2913 11975 11975
 2914 16198 16198
 2915 14001 14001
 2916  3554  3554
 2917  9507  9507
 2918 10656 10656
 2919  4750  4750
 2920  4108  4108
 2921 18109 18109
 2922  1453  1453
 2923  4915  4915
 2924 10909 10909
 2925 19700 19700
 2926 11576 11576
 2927 18075 18075
 2928 13646 13646
 2929 15896 15896
 2930  5114  5114
 2931  4229  4229
 2932  9313  9313
 2933 16085 16085
 2934  1692  1692
 2935  4144  4144
 2936  4759  4759
 2937 17536 17536
 2938  3643  3643
 2939 15919 15919
 2940 14462 14462
 2941  7516  7516
 2942 17860 17860
 2943  2473  2473
 2944 16904 16904
 2945  6025  6025
 2946   959   959
 2947  7025  7025
 2948 16663 16663
 2949 17611 17611
 2950 11209 11209
 2951 18044 18044
 2952 16564 16564
 2953  4722  4722
 2954 14233 14233
 2955 14980 14980
 2956   478   478
 2957 15563 15563
 2958 11716 11716
 2959  7672  7672
 2960 11616 11616
 2961 10914 10914
 2962 10107 10107
 2963   541   541
 2964  5979  5979
 2965  4882  4882
 2966 12466 12466
 2967  3142  3142
 2968  3971  3971
 2969 17259 17259
 2970 10076 10076
 2971  1035  1035
 2972 14886 14886
 2973  4543  4543
 2974  4498  4498
 2975 15689 15689
 2976 18150 18150
 2977 11721 11721
 2978  7442  7442
 2979  1142  1142
 2980  4136  4136
 2981  5530  5530
 2982    36    36
 2983 13503 13503
 2984  4037  4037
 2985  4450  4450
 2986 12344 12344
 2987 13248 13248
 2988 15550 15550
 2989  4599  4599
 2990  5355  5355
 2991  5919  5919
 2992  3980  3980
 2993  5636  5636
 2994  6473  6473
 2995 14181 14181
 2996  3957  3957
 2997 13873 13873
 2998  9324  9324
 2999 16154 16154
 3000 12859 12859
 3001  8427  8427
 3002 17570 17570
 3003  8604  8604
 3004 13294 13294
 3005  7313  7313
 3006  9260  9260
 3007  2363  2363
 3008 16674 16674
 3009  9594  9594
 3010  6339  6339
 3011  1813  1813
 3012  7259  7259
 3013 13829 13829
 3014  7382  7382
 3015 11049 11049
 3016 14660 14660
 3017 17791 17791
 3018  8430  8430
 3019 18554 18554
 3020  9760  9760
 3021  3499  3499
 3022 13682 13682
 3023  4226  4226
 3024 12664 12664
 3025 15345 15345
 3026 12358 12358
 3027   432   432
 3028 12114 12114
 3029 10758 10758
 3030   142   142
 3031    64    64
 3032 10019 10019
 3033  1843  1843
 3034 16753 16753
 3035  3637  3637
 3036  3163  3163
 3037 19941 19941
 3038  8121  8121
 3039 10965 10965
 3040 12094 12094
 3041 10448 10448
 3042 17398 17398
 3043  5857  5857
 3044  5587  5587
 3045 11968 11968
 3046 12098 12098
 3047  6351  6351
 3048 13142 13142
 3049 13758 13758
 3050 10303 10303
 3051  1351  1351
 3052  8968  8968
 3053 13980 13980
 3054 13533 13533
 3055 16662 16662
 3056  2982  2982
 3057  3357  3357
 3058  4568  4568
 3059 16914 16914
 3060  2519  2519
 3061  4548  4548
 3062  9277  9277
 3063 19723 19723
 3064 14622 14622
 3065    23    23
 3066 17517 17517
 3067  8170  8170
 3068  4720  4720
 3069  6351  6351
 3070  8635  8635
 3071  3113  3113
 3072  5055  5055
 3073 14783 14783
 3074  9263  9263
 3075  2766  2766
 3076 11285 11285
 3077  6527  6527
 3078 14189 14189
 3079 11206 11206
 3080 17628 17628
 3081  2644  2644
 3082 13007 13007
 3083  7258  7258
 3084 15290 15290
 3085 12861 12861
 3086 16655 16655
 3087 15728 15728
 3088  7387  7387
 3089 15069 15069
 3090  4641  4641
 3091 12128 12128
 3092 16742 16742
 3093  7392  7392
 3094 19741 19741
 3095 16145 16145
 3096  7793  7793
 3097 15051 15051
 3098 15802 15802
 3099  8112  8112
 3100 14897 14897
 3101 17253 17253
 3102 18262 18262
 3103 11340 11340
 3104  1193  1193
 3105  7932  7932
 3106  8882  8882
 3107 16817 16817
 3108  8131  8131
 3109  2965  2965
 3110  7482  7482
 3111 12480 12480
 3112  4573  4573
 3113 12724 12724
 3114  1443  1443
 3115   839   839
 3116  2203  2203
 3117 18500 18500
 3118  9965  9965
 3119  7746  7746
 3120 18075 18075
 3121  7811  7811
 3122  8807  8807
 3123 11373 11373
 3124 16805 16805
 3125  2605  2605
 3126  2513  2513
 3127 17252 17252
 3128  5472  5472
 3129  3172  3172
 3130 12797 12797
 3131 18394 18394
 3132  6690  6690
 3133 13177 13177
 3134 17295 17295
 3135  2098  2098
 3136 18784 18784
 3137 16377 16377
 3138 18532 18532
 3139 19486 19486
 3140 17155 17155
 3141   855   855
 3142 12110 12110
 3143  6290  6290
 3144 17884 17884
 3145 18130 18130
 3146 14173 14173
 3147   355   355
 3148  8078  8078
 3149  7842  7842
 3150 14714 14714
 3151 15233 15233
 3152  6633  6633
 3153   101   101
 3154 18477 18477
 3155 12686 12686
 3156  8119  8119
 3157   736   736
 3158 18718 18718
 3159 19930 19930
 3160 12015 12015
 3161 19700 19700
 3162  4472  4472
 3163 19069 19069
 3164 12328 12328
 3165 16607 16607
 3166 10793 10793
 3167 12879 12879
 3168 12199 12199
 3169 19916 19916
 3170 16999 16999
 3171  9960  9960
 3172  5177  5177
 3173  4408  4408
 3174 12525 12525
 3175  1679  1679
 3176  5948  5948
 3177  7138  7138
 3178 10498 10498
 3179  5185  5185
 3180 13495 13495
 3181   782   782
 3182  4890  4890
 3183  6049  6049
 3184  8906  8906
 3185 18453 18453
 3186  9334  9334
 3187 16630 16630
 3188 16385 16385
 3189 16429 16429
 3190  3399  3399
 3191 10853 10853
 3192 14338 14338
 3193 10545 10545
 3194  1520  1520
 3195   651   651
 3196 13829 13829
 3197 14765 14765
 3198  1481  1481
 3199  7159  7159
 3200  8099  8099
 3201  5000  5000
 3202 15680 15680
 3203  2179  2179
 3204 18087 18087
 3205  4717  4717
 3206 11802 11802
 3207 15885 15885
 3208 13890 13890
 3209  7032  7032
 3210 18839 18839
 3211 10838 10838
 3212 13339 13339
 3213  4186  4186
 3214   883   883
 3215   470   470
 3216  4067  4067
 3217 18185 18185
 3218 13544 13544
 3219 16921 16921
 3220 16357 16357
 3221  2376  2376
 3222  9457  9457
 3223 16986 16986
 3224   444   444
 3225  5934  5934
 3226  1642  1642
 3227  2171  2171
 3228  1152  1152
 3229 18645 18645
 3230  7059  7059
 3231 18046 18046
 3232  6616  6616
 3233 15681 15681
 3234 15059 15059
 3235 11043 11043
 3236  7987  7987
 3237  8234  8234
 3238 11353 11353
 3239 19103 19103
 3240 16530 16530
 3241  7496  7496
 3242   958   958
 3243 18389 18389
 3244  3613  3613
 3245 15931 15931
 3246 16838 16838
 3247 10579 10579
 3248  8085  8085
 3249 18132 18132
 3250  6086  6086
 3251  4908  4908
 3252 14569 14569
 3253 16772 16772
 3254   479   479
 3255  5677  5677
 3256  7683  7683
 3257  5343  5343
 3258 19400 19400
 3259 16703 16703
 3260  1370  1370
 3261   139   139
 3262  3882  3882
 3263  4344  4344
 3264 15146 15146
 3265  9387  9387
 3266 18116 18116
 3267  6909  6909
 3268 17760 17760
 3269  9539  9539
 3270  3407  3407
 3271  5304  5304
 3272  6447  6447
 3273 11655 11655
 3274 19388 19388
 3275 11378 11378
 3276  3041  3041
 3277  5092  5092
 3278  1658  1658
 3279  2862  2862
 3280 14119 14119
 3281 18411 18411
 3282 15028 15028
 3283 11362 11362
 3284  9457  9457
 3285 13397 13397
 3286 18198 18198
 3287 14290 14290
 3288 17017 17017
 3289  8152  8152
 3290  8432  8432
 3291  9611  9611
 3292 15321 15321
 3293  7173  7173
 3294 13427 13427
 3295  6137  6137
 3296 18205 18205
 3297 13946 13946
 3298   344   344
 3299  7365  7365
 3300  8563  8563
 3301 10475 10475
 3302 14304 14304
 3303 19982 19982
 3304 10047 10047
 3305 10920 10920
 3306   694   694
 3307 12802 12802
 3308  2091  2091
 3309  1066  1066
 3310 18961 18961
 3311 18778 18778
 3312  3644  3644
 3313 15744 15744
 3314  5109  5109
 3315 16464 16464
 3316  8959  8959
 3317  3313  3313
 3318 18969 18969
 3319 13341 13341
 3320 19042 19042
 3321  4685  4685
 3322  3108  3108
 3323 13331 13331
 3324  3648  3648
 3325  4085  4085
 3326  4049  4049
 3327 14676 14676
 3328 14228 14228
 3329 13091 13091
 3330 14929 14929
 3331 15534 15534
 3332  8527  8527
 3333 18166 18166
 3334  5967  5967
 3335 12051 12051
 3336 13316 13316
 3337  3966  3966
 3338  5582  5582
 3339 14841 14841
 3340 15840 15840
 3341  2625  2625
 3342  2575  2575
 3343 11114 11114
 3344  4503  4503
 3345 11016 11016
 3346  8911  8911
 3347 19113 19113
 3348  9305  9305
 3349  2826  2826
 3350  2989  2989
 3351 13506 13506
 3352 16836 16836
 3353 14738 14738
 3354  3369  3369
 3355  7564  7564
 3356  5587  5587
 3357 17455 17455
 3358  8232  8232
 3359 12735 12735
 3360 10452 10452
 3361  2264  2264
 3362 10900 10900
 3363 17548 17548
 3364 16952 16952
 3365  3738  3738
 3366 10081 10081
 3367  9853  9853
 3368   995   995
 3369  8575  8575
 3370  7562  7562
 3371 10569 10569
 3372   739   739
 3373 10365 10365
 3374  3705  3705
 3375  5620  5620
 3376  7005  7005
 3377 14264 14264
 3378  7557  7557
 3379 16193 16193
 3380  7490  7490
 3381  4021  4021
 3382 14294 14294
 3383  4373  4373
 3384 11361 11361
 3385  1084  1084
 3386   900   900
 3387 14250 14250
 3388  9047  9047
 3389  5288  5288
 3390  6205  6205
 3391  9132  9132
 3392 10145 10145
 3393 11151 11151
 3394 11846 11846
 3395  6419  6419
 3396   658   658
 3397 16521 16521
 3398  5849  5849
 3399  6974  6974
 3400  3680  3680
 3401  6655  6655
 3402 11148 11148
 3403 16648 16648
 3404 15096 15096
 3405  2737  2737
 3406  8210  8210
 3407   298   298
 3408  8690  8690
 3409  9187  9187
 3410  1019  1019
 3411 11981 11981
 3412 16831 16831
 3413 16965 16965
 3414  2679  2679
 3415 18954 18954
 3416  5726  5726
 3417  3166  3166
 3418 17528 17528
 3419  5248  5248
 3420  8015  8015
 3421 11636 11636
 3422  8564  8564
 3423 16560 16560
 3424  6847  6847
 3425  5563  5563
 3426  7721  7721
 3427 16024 16024
 3428 15009 15009
 3429  7896  7896
 3430  8700  8700
 3431 13803 13803
 3432 16446 16446
 3433  4016  4016
 3434 16858 16858
 3435  3274  3274
 3436  1699  1699
 3437 13714 13714
 3438 18271 18271
 3439  4449  4449
 3440  9977  9977
 3441 15229 15229
 3442   533   533
 3443  1280  1280
 3444  7154  7154
 3445  5423  5423
 3446 12756 12756
 3447 18868 18868
 3448 11871 11871
 3449  2124  2124
 3450 15912 15912
 3451 11970 11970
 3452  5727  5727
 3453  8231  8231
 3454 17968 17968
 3455 19935 19935
 3456  7569  7569
 3457 17808 17808
 3458 16163 16163
 3459  7023  7023
 3460   618   618
 3461  5210  5210
 3462   685   685
 3463  8088  8088
 3464  3650  3650
 3465 14151 14151
 3466 14807 14807
 3467   770   770
 3468 12393 12393
 3469 17555 17555
 3470  2276  2276
 3471 13613 13613
 3472  9304  9304
 3473 19866 19866
 3474 17911 17911
 3475  6223  6223
 3476 15233 15233
 3477  3303  3303
 3478 13042 13042
 3479  7305  7305
 3480  3400  3400
 3481 13306 13306
 3482 15162 15162
 3483 16900 16900
 3484  7051  7051
 3485  6964  6964
 3486 11734 11734
 3487  4397  4397
 3488 11933 11933
 3489 12898 12898
 3490 13366 13366
 3491 10059 10059
 3492 12016 12016
 3493  2628  2628
 3494  8177  8177
 3495 11225 11225
 3496 13360 13360
 3497   537   537
 3498  8742  8742
 3499   612   612
 3500  3725  3725
 3501  2633  2633
 3502 12868 12868
 3503 13314 13314
 3504  5489  5489
 3505 10478 10478
 3506  2501  2501
 3507 15981 15981
 3508  3632  3632
 3509 11904 11904
 3510  1365  1365
 3511  9819  9819
 3512  7196  7196
 3513 10108 10108
 3514   496   496
 3515  5179  5179
 3516 14744 14744
 3517  3152  3152
 3518  7145  7145
 3519 15598 15598
 3520 18501 18501
 3521  1349  1349
 3522 19880 19880
 3523 10080 10080
 3524   248   248
 3525 14762 14762
 3526  8683  8683
 3527  5314  5314
 3528  3500  3500
 3529 15513 15513
 3530  1389  1389
 3531 11205 11205
 3532  5620  5620
 3533  8584  8584
 3534 13091 13091
 3535  9652  9652
 3536 19721 19721
 3537 10894 10894
 3538  5859  5859
 3539  9198  9198
 3540  9665  9665
 3541 16143 16143
 3542  8416  8416
 3543  4671  4671
 3544  8481  8481
 3545 15302 15302
 3546 14320 14320
 3547  3611  3611
 3548  5865  5865
 3549  7631  7631
 3550  2126  2126
 3551  1526  1526
 3552 19757 19757
 3553   526   526
 3554 15963 15963
 3555  2403  2403
 3556  3781  3781
 3557  7231  7231
 3558 10240 10240
 3559 17830 17830
 3560 10330 10330
 3561 12283 12283
 3562 17518 17518
 3563 11864 11864
 3564 13824 13824
 3565 10755 10755
 3566  8935  8935
 3567  3159  3159
 3568 10051 10051
 3569 10220 10220
 3570 12309 12309
 3571 17447 17447
 3572  1018  1018
 3573 17800 17800
 3574 15863 15863
 3575 13833 13833
 3576 11001 11001
 3577  1805  1805
 3578  6749  6749
 3579  8791  8791
 3580  6658  6658
 3581 13412 13412
 3582  9577  9577
 3583  4857  4857
 3584 11579 11579
 3585 15408 15408
 3586 15509 15509
 3587  9895  9895
 3588  4154  4154
 3589  6360  6360
 3590 19923 19923
 3591  8827  8827
 3592 10397 10397
 3593  9971  9971
 3594  4687  4687
 3595  6961  6961
 3596  7959  7959
 3597 13519 13519
 3598 13617 13617
 3599  2335  2335
 3600  5637  5637
 3601 18238 18238
 3602  2623  2623
 3603  7883  7883
 3604 14174 14174
 3605  4222  4222
 3606 19775 19775
 3607 19886 19886
 3608  1608  1608
 3609  4708  4708
 3610  9306  9306
 3611 13475 13475
 3612 13000 13000
 3613  3876  3876
 3614  8957  8957
 3615  2123  2123
 3616 18641 18641
 3617  4127  4127
 3618   472   472
 3619  8384  8384
 3620 13726 13726
 3621 16745 16745
 3622  3305  3305
 3623 11284 11284
 3624  6714  6714
 3625 13429 13429
 3626  2643  2643
 3627  3685  3685
 3628 11708 11708
 3629 12512 12512
 3630 14631 14631
 3631  9503  9503
 3632 13489 13489
 3633 16599 16599
 3634  1829  1829
 3635 15983 15983
 3636 17746 17746
 3637 19462 19462
 3638  8732  8732
 3639  8992  8992
 3640 11732 11732
 3641  6270  6270
 3642  2669  2669
 3643  9491  9491
 3644  7422  7422
 3645 17282 17282
 3646 15054 15054
 3647   831   831
 3648  6900  6900
 3649  1167  1167
 3650  4682  4682
 3651  2115  2115
 3652 11666 11666
 3653 10661 10661
 3654  1957  1957
 3655  6564  6564
 3656  1109  1109
 3657 18934 18934
 3658 19454 19454
 3659 13608 13608
 3660 14964 14964
 3661  9513  9513
 3662 17933 17933
 3663 19053 19053
 3664 12140 12140
 3665  7659  7659
 3666  9195  9195
 3667  4646  4646
 3668  4024  4024
 3669 18164 18164
 3670 12657 12657
 3671 19763 19763
 3672  3231  3231
 3673 15825 15825
 3674  2169  2169
 3675 17949 17949
 3676  9128  9128
 3677 18355 18355
 3678  9537  9537
 3679  8811  8811
 3680 12264 12264
 3681 18164 18164
 3682    46    46
 3683 14851 14851
 3684  3004  3004
 3685 16289 16289
 3686  1900  1900
 3687 11392 11392
 3688 10802 10802
 3689  9224  9224
 3690 18068 18068
 3691 12460 12460
 3692 12450 12450
 3693 19903 19903
 3694 13126 13126
 3695  4347  4347
 3696 16058 16058
 3697  2638  2638
 3698  1398  1398
 3699  8101  8101
 3700 14486 14486
 3701 14587 14587
 3702  4451  4451
 3703 12797 12797
 3704   335   335
 3705   881   881
 3706  8162  8162
 3707 12210 12210
 3708  4106  4106
 3709 15243 15243
 3710 18745 18745
 3711 15969 15969
 3712 17969 17969
 3713 11298 11298
 3714 19432 19432
 3715  7253  7253
 3716  4159  4159
 3717  8593  8593
 3718  5634  5634
 3719  3453  3453
 3720 16565 16565
 3721 10657 10657
 3722 17016 17016
 3723    72    72
 3724 13610 13610
 3725  7222  7222
 3726  8503  8503
 3727  4319  4319
 3728 12511 12511
 3729 11061 11061
 3730 19752 19752
 3731  5694  5694
 3732 19055 19055
 3733 14384 14384
 3734 12469 12469
 3735 18801 18801
 3736  5829  5829
 3737 13136 13136
 3738 19692 19692
 3739  6536  6536
 3740 19177 19177
 3741  8958  8958
 3742  5211  5211
 3743  6647  6647
 3744  4499  4499
 3745  4526  4526
 3746  9115  9115
 3747 10028 10028
 3748  5984  5984
 3749   904   904
 3750  7818  7818
 3751 18509 18509
 3752 15233 15233
 3753  8884  8884
 3754  1424  1424
 3755  7565  7565
 3756  8976  8976
 3757 17601 17601
 3758 14371 14371
 3759 13323 13323
 3760  5406  5406
 3761  9522  9522
 3762  3334  3334
 3763 13192 13192
 3764  3784  3784
 3765 16103 16103
 3766  5676  5676
 3767 16451 16451
 3768 16168 16168
 3769 12867 12867
 3770 18427 18427
 3771 15602 15602
 3772  3432  3432
 3773  2783  2783
 3774  3531  3531
 3775 13311 13311
 3776  8337  8337
 3777 13994 13994
 3778  1677  1677
 3779 14172 14172
 3780  1537  1537
 3781  1051  1051
 3782  9000  9000
 3783  4389  4389
 3784 16379 16379
 3785  1237  1237
 3786 19103 19103
 3787  4721  4721
 3788  5785  5785
 3789  8597  8597
 3790  8943  8943
 3791  1492  1492
 3792  4412  4412
 3793  6331  6331
 3794 11572 11572
 3795 11380 11380
 3796 17828 17828
 3797  6259  6259
 3798  9771  9771
 3799 10726 10726
 3800 18939 18939
 3801  1055  1055
 3802  8594  8594
 3803 10501 10501
 3804 19019 19019
 3805 11459 11459
 3806 15500 15500
 3807 11790 11790
 3808 11376 11376
 3809  1004  1004
 3810 14689 14689
 3811   634   634
 3812 16776 16776
 3813 17117 17117
 3814  9474  9474
 3815  4601  4601
 3816  1575  1575
 3817 14808 14808
 3818  6953  6953
 3819  5544  5544
 3820 11143 11143
 3821  1542  1542
 3822 12510 12510
 3823 16590 16590
 3824  8221  8221
 3825  1827  1827
 3826 14615 14615
 3827 13817 13817
 3828 10599 10599
 3829   617   617
 3830  8567  8567
 3831 10032 10032
 3832 16545 16545
 3833  9879  9879
 3834 12727 12727
 3835 16692 16692
 3836 17558 17558
 3837  6685  6685
 3838  2307  2307
 3839 16088 16088
 3840  4564  4564
 3841  7911  7911
 3842  6331  6331
 3843  3546  3546
 3844   568   568
 3845   580   580
 3846 13881 13881
 3847  7997  7997
 3848   649   649
 3849 13937 13937
 3850  9746  9746
 3851 13988 13988
 3852 15393 15393
 3853 17351 17351
 3854 13237 13237
 3855  3661  3661
 3856   517   517
 3857 13630 13630
 3858  9521  9521
 3859  8360  8360
 3860  8213  8213
 3861 18908 18908
 3862 12820 12820
 3863  9203  9203
 3864  3199  3199
 3865  4479  4479
 3866  8813  8813
 3867 19251 19251
 3868  4014  4014
 3869  4162  4162
 3870  6803  6803
 3871  1905  1905
 3872   448   448
 3873 17167 17167
 3874  2207  2207
 3875 10862 10862
 3876 12086 12086
 3877  6369  6369
 3878  3123  3123
 3879  6181  6181
 3880  1220  1220
 3881 11765 11765
 3882   158   158
 3883  4251  4251
 3884 11944 11944
 3885  4909  4909
 3886 10424 10424
 3887   645   645
 3888 16311 16311
 3889 17568 17568
 3890 11399 11399
 3891 17847 17847
 3892 11059 11059
 3893  9538  9538
 3894  5253  5253
 3895  9540  9540
 3896  6233  6233
 3897  5099  5099
 3898 12312 12312
 3899  6423  6423
 3900   790   790
 3901 14246 14246
 3902 14849 14849
 3903 17165 17165
 3904 18202 18202
 3905 11544 11544
 3906 13552 13552
 3907 15052 15052
 3908  7653  7653
 3909  1131  1131
 3910   788   788
 3911  2372  2372
 3912   893   893
 3913 16471 16471
 3914   113   113
 3915  6625  6625
 3916  6498  6498
 3917 16684 16684
 3918 18442 18442
 3919  6378  6378
 3920 11929 11929
 3921 13534 13534
 3922  5086  5086
 3923 18073 18073
 3924  7012  7012
 3925 18540 18540
 3926 18318 18318
 3927 15671 15671
 3928  6258  6258
 3929  2127  2127
 3930 10524 10524
 3931 11412 11412
 3932  6579  6579
 3933  6972  6972
 3934 17424 17424
 3935 13823 13823
 3936  6468  6468
 3937  4663  4663
 3938  1364  1364
 3939 15784 15784
 3940  3081  3081
 3941 17588 17588
 3942 10399 10399
 3943  4496  4496
 3944 19896 19896
 3945 16170 16170
 3946  7151  7151
 3947  6153  6153
 3948  4626  4626
 3949  2199  2199
 3950  4367  4367
 3951 19152 19152
 3952  1837  1837
 3953  5258  5258
 3954 11640 11640
 3955 13283 13283
 3956  2124  2124
 3957 10289 10289
 3958 15572 15572
 3959 16608 16608
 3960  3408  3408
 3961  2463  2463
 3962  7358  7358
 3963  5180  5180
 3964  9895  9895
 3965  2329  2329
 3966  2884  2884
 3967 12221 12221
 3968 11523 11523
 3969  7294  7294
 3970 15438 15438
 3971  7125  7125
 3972  6278  6278
 3973   625   625
 3974    25    25
 3975  2427  2427
 3976 12729 12729
 3977  5796  5796
 3978  3996  3996
 3979 14151 14151
 3980  4956  4956
 3981  8867  8867
 3982 10188 10188
 3983  2122  2122
 3984  2519  2519
 3985  1370  1370
 3986 19035 19035
 3987  8840  8840
 3988  3311  3311
 3989 18115 18115
 3990 11195 11195
 3991  1875  1875
 3992  7829  7829
 3993  8912  8912
 3994 14784 14784
 3995  2085  2085
 3996  2904  2904
 3997  5969  5969
 3998  8099  8099
 3999  6714  6714
 4000 12443 12443
 4001  3971  3971
 4002  4738  4738
 4003 16743 16743
 4004  3713  3713
 4005 14198 14198
 4006  3109  3109
 4007 16635 16635
 4008   388   388
 4009 18041 18041
 4010  3836  3836
 4011 10640 10640
 4012 16261 16261
 4013  9731  9731
 4014  6693  6693
 4015 10222 10222
 4016  3453  3453
 4017 17536 17536
 4018   489   489
 4019  3165  3165
 4020 18514 18514
 4021  8311  8311
 4022  4070  4070
 4023  9124  9124
 4024  7334  7334
 4025 10773 10773
 4026 16711 16711
 4027  1923  1923
 4028  2634  2634
 4029  8280  8280
 4030  5135  5135
 4031  9257  9257
 4032 12271 12271
 4033 19961 19961
 4034  6452  6452
 4035 13267 13267
 4036   669   669
 4037  5238  5238
 4038  1128  1128
 4039  3810  3810
 4040 12284 12284
 4041 18171 18171
 4042 13524 13524
 4043  3288  3288
 4044   143   143
 4045  9389  9389
 4046   989   989
 4047  7566  7566
 4048  4994  4994
 4049  9074  9074
 4050  2280  2280
 4051  9813  9813
 4052 14392 14392
 4053 14049 14049
 4054  4473  4473
 4055  3175  3175
 4056  8231  8231
 4057 14754 14754
 4058 15895 15895
 4059  8457  8457
 4060  6943  6943
 4061  8897  8897
 4062  1548  1548
 4063 12512 12512
 4064 12677 12677
 4065  2068  2068
 4066   840   840
 4067   236   236
 4068 15358 15358
 4069 17574 17574
 4070 13541 13541
 4071 13893 13893
 4072 10758 10758
 4073 15615 15615
 4074  1542  1542
 4075 11857 11857
 4076  6689  6689
 4077 11538 11538
 4078  5016  5016
 4079 19072 19072
 4080 19721 19721
 4081  8292  8292
 4082  6618  6618
 4083 14916 14916
 4084  5958  5958
 4085  2804  2804
 4086  6265  6265
 4087  4656  4656
 4088 11547 11547
 4089 14379 14379
 4090 11252 11252
 4091 17067 17067
 4092 12605 12605
 4093 17280 17280
 4094  3263  3263
 4095  5361  5361
 4096  4735  4735
 4097 18984 18984
 4098 10178 10178
 4099  7271  7271
 4100  1416  1416
 4101  6489  6489
 4102  9441  9441
 4103 11256 11256
 4104  3398  3398
 4105 13882 13882
 4106  2007  2007
 4107 18225 18225
 4108  3004  3004
 4109 15529 15529
 4110 12027 12027
 4111  3510  3510
 4112 11639 11639
 4113  5000  5000
 4114  9413  9413
 4115 12191 12191
 4116  5502  5502
 4117 11813 11813
 4118 17226 17226
 4119  2898  2898
 4120  4327  4327
 4121 12420 12420
 4122 11170 11170
 4123 13470 13470
 4124   711   711
 4125   619   619
 4126  2123  2123
 4127 15377 15377
 4128  2946  2946
 4129 15465 15465
 4130  3623  3623
 4131 16887 16887
 4132 13312 13312
 4133 17764 17764
 4134  4736  4736
 4135 11055 11055
 4136  7008  7008
 4137 13727 13727
 4138 19915 19915
 4139 12844 12844
 4140  2022  2022
 4141 12644 12644
 4142  8650  8650
 4143  6181  6181
 4144 18831 18831
 4145 17171 17171
 4146 18508 18508
 4147 11545 11545
 4148 14534 14534
 4149  2439  2439
 4150 18415 18415
 4151 16547 16547
 4152 18896 18896
 4153 16417 16417
 4154 18982 18982
 4155  5205  5205
 4156  4193  4193
 4157   500   500
 4158  2389  2389
 4159  5332  5332
 4160  2801  2801
 4161  7820  7820
 4162 13337 13337
 4163 10416 10416
 4164 16489 16489
 4165  9243  9243
 4166 13733 13733
 4167 17854 17854
 4168  1271  1271
 4169    66    66
 4170 15942 15942
 4171  1236  1236
 4172  5954  5954
 4173   568   568
 4174 15048 15048
 4175  3969  3969
 4176  4919  4919
 4177 15706 15706
 4178  1394  1394
 4179 12295 12295
 4180 14881 14881
 4181 17167 17167
 4182 19917 19917
 4183 14773 14773
 4184 16375 16375
 4185 16279 16279
 4186  7010  7010
 4187 18661 18661
 4188  6448  6448
 4189  7727  7727
 4190  8128  8128
 4191  5838  5838
 4192 12530 12530
 4193  2404  2404
 4194 16541 16541
 4195 16743 16743
 4196  2311  2311
 4197 13234 13234
 4198 15316 15316
 4199 17529 17529
 4200 19473 19473
 4201 11191 11191
 4202 14381 14381
 4203  8832  8832
 4204 13652 13652
 4205  8537  8537
 4206 15002 15002
 4207  6366  6366
 4208  1137  1137
 4209  4880  4880
 4210  4349  4349
 4211  2940  2940
 4212 10100 10100
 4213 13745 13745
 4214 14663 14663
 4215 19037 19037
 4216    67    67
 4217  7672  7672
 4218  8443  8443
 4219 19809 19809
 4220 18295 18295
 4221  9682  9682
 4222 15217 15217
 4223 12979 12979
 4224 11911 11911
 4225 15300 15300
 4226 14359 14359
 4227 18511 18511
 4228  5855  5855
 4229  8732  8732
 4230 17298 17298
 4231 18868 18868
 4232  1616  1616
 4233 13618 13618
 4234  3330  3330
 4235 16769 16769
 4236  8160  8160
 4237  4186  4186
 4238  8803  8803
 4239  1584  1584
 4240 10050 10050
 4241  5832  5832
 4242  8208  8208
 4243 12716 12716
 4244 11585 11585
 4245  5472  5472
 4246 10530 10530
 4247 16272 16272
 4248 12951 12951
 4249 17498 17498
 4250 17654 17654
 4251  2365  2365
 4252 16986 16986
 4253 17583 17583
 4254 16812 16812
 4255  7479  7479
 4256 10805 10805
 4257 16898 16898
 4258 14699 14699
 4259 19133 19133
 4260  8500  8500
 4261  1646  1646
 4262   643   643
 4263  2915  2915
 4264 15544 15544
 4265 10055 10055
 4266  8970  8970
 4267  3213  3213
 4268 18987 18987
 4269 16623 16623
 4270  6888  6888
 4271 16875 16875
 4272  1646  1646
 4273 19513 19513
 4274  8398  8398
 4275 13356 13356
 4276 18510 18510
 4277  9586  9586
 4278 18625 18625
 4279 18016 18016
 4280  8694  8694
 4281  7984  7984
 4282  2933  2933
 4283  1422  1422
 4284 14493 14493
 4285 15354 15354
 4286  8020  8020
 4287 15214 15214
 4288 11104 11104
 4289 15890 15890
 4290 19230 19230
 4291 18212 18212
 4292 17962 17962
 4293  4027  4027
 4294 11050 11050
 4295  3769  3769
 4296  2351  2351
 4297  5835  5835
 4298  7498  7498
 4299 10232 10232
 4300 11864 11864
 4301 10254 10254
 4302 17228 17228
 4303 16642 16642
 4304 14713 14713
 4305  3476  3476
 4306  6077  6077
 4307 19919 19919
 4308 13407 13407
 4309  1912  1912
 4310  3497  3497
 4311 14754 14754
 4312  3269  3269
 4313  2734  2734
 4314  4029  4029
 4315  8967  8967
 4316  4197  4197
 4317 12041 12041
 4318   398   398
 4319  9259  9259
 4320  4747  4747
 4321  9926  9926
 4322 14386 14386
 4323 18840 18840
 4324 13125 13125
 4325 19544 19544
 4326 10411 10411
 4327   908   908
 4328  2359  2359
 4329 10225 10225
 4330  3844  3844
 4331 18069 18069
 4332  9580  9580
 4333  2121  2121
 4334 17108 17108
 4335 16523 16523
 4336  8838  8838
 4337 13678 13678
 4338  5408  5408
 4339  3593  3593
 4340  9814  9814
 4341  6665  6665
 4342 11421 11421
 4343 14314 14314
 4344  8999  8999
 4345  5992  5992
 4346  7507  7507
 4347  9596  9596
 4348  9557  9557
 4349  1358  1358
 4350 15645 15645
 4351 11524 11524
 4352   571   571
 4353 10163 10163
 4354 15532 15532
 4355  4942  4942
 4356  4426  4426
 4357   537   537
 4358 17387 17387
 4359 19182 19182
 4360 18230 18230
 4361 16204 16204
 4362 17246 17246
 4363  1208  1208
 4364 18537 18537
 4365 13653 13653
 4366  7716  7716
 4367  9848  9848
 4368  1563  1563
 4369  5532  5532
 4370  1947  1947
 4371  9103  9103
 4372  4633  4633
 4373 10871 10871
 4374 16834 16834
 4375  9932  9932
 4376  3938  3938
 4377  7507  7507
 4378 14329 14329
 4379 17986 17986
 4380 18481 18481
 4381 15613 15613
 4382  1957  1957
 4383  1323  1323
 4384 16405 16405
 4385 12590 12590
 4386   689   689
 4387 12377 12377
 4388  6332  6332
 4389  5905  5905
 4390   686   686
 4391 14932 14932
 4392 14989 14989
 4393 11474 11474
 4394  2650  2650
 4395 15606 15606
 4396 19093 19093
 4397   389   389
 4398 13119 13119
 4399  4671  4671
 4400 16282 16282
 4401  5360  5360
 4402  2450  2450
 4403  5845  5845
 4404 17003 17003
 4405  6646  6646
 4406  3324  3324
 4407  7099  7099
 4408  3544  3544
 4409   609   609
 4410 15957 15957
 4411  7501  7501
 4412  8734  8734
 4413  6764  6764
 4414   268   268
 4415 12598 12598
 4416 12699 12699
 4417  3242  3242
 4418 19171 19171
 4419 17390 17390
 4420  9151  9151
 4421  7061  7061
 4422 12279 12279
 4423  6259  6259
 4424  9891  9891
 4425  2519  2519
 4426  6142  6142
 4427  5826  5826
 4428  3380  3380
 4429  8942  8942
 4430  9353  9353
 4431 11282 11282
 4432   711   711
 4433  4896  4896
 4434 17929 17929
 4435 19982 19982
 4436  6609  6609
 4437  5276  5276
 4438 10061 10061
 4439 16301 16301
 4440   398   398
 4441 14952 14952
 4442 17385 17385
 4443  7856  7856
 4444 13631 13631
 4445 16428 16428
 4446  7859  7859
 4447  7255  7255
 4448  2225  2225
 4449 13723 13723
 4450 15207 15207
 4451 13280 13280
 4452  6328  6328
 4453 10937 10937
 4454 16971 16971
 4455 11037 11037
 4456 15547 15547
 4457  9901  9901
 4458  3628  3628
 4459  1456  1456
 4460  7848  7848
 4461   996   996
 4462  1543  1543
 4463  7590  7590
 4464 17864 17864
 4465 11455 11455
 4466  4228  4228
 4467 18510 18510
 4468 11085 11085
 4469  4667  4667
 4470 12668 12668
 4471 11829 11829
 4472   936   936
 4473 17051 17051
 4474 17755 17755
 4475  8383  8383
 4476  7832  7832
 4477   340   340
 4478   928   928
 4479 18915 18915
 4480  5085  5085
 4481 19797 19797
 4482 10242 10242
 4483  4547  4547
 4484 15786 15786
 4485  2000  2000
 4486 12845 12845
 4487  7335  7335
 4488  7480  7480
 4489  3785  3785
 4490  6250  6250
 4491 11797 11797
 4492  4247  4247
 4493  6299  6299
 4494   188   188
 4495 11343 11343
 4496   415   415
 4497  1281  1281
 4498 19495 19495
 4499 14282 14282
 4500 10149 10149
 4501 12264 12264
 4502  7755  7755
 4503 11078 11078
 4504 11850 11850
 4505  9134  9134
 4506 16014 16014
 4507 14126 14126
 4508 11661 11661
 4509 19862 19862
 4510  7223  7223
 4511 18190 18190
 4512 19649 19649
 4513 19340 19340
 4514 12790 12790
 4515  3724  3724
 4516 16761 16761
 4517 12271 12271
 4518  4418  4418
 4519  1701  1701
 4520  4959  4959
 4521 14464 14464
 4522  1627  1627
 4523  2405  2405
 4524  1668  1668
 4525  8230  8230
 4526 16429 16429
 4527  1153  1153
 4528 15698 15698
 4529  4923  4923
 4530 18486 18486
 4531 13813 13813
 4532  5309  5309
 4533 17686 17686
 4534  4734  4734
 4535 19925 19925
 4536  1751  1751
 4537 12021 12021
 4538 12389 12389
 4539 11058 11058
 4540  6339  6339
 4541  4295  4295
 4542  8572  8572
 4543 13900 13900
 4544  8002  8002
 4545  7956  7956
 4546  8873  8873
 4547 11086 11086
 4548 13257 13257
 4549 10346 10346
 4550 13965 13965
 4551 12427 12427
 4552  3412  3412
 4553  1221  1221
 4554 16546 16546
 4555 17202 17202
 4556 12435 12435
 4557  7417  7417
 4558  1886  1886
 4559 13424 13424
 4560  1378  1378
 4561  2943  2943
 4562 10805 10805
 4563 18883 18883
 4564  7927  7927
 4565 15290 15290
 4566  6587  6587
 4567 13047 13047
 4568  5333  5333
 4569 19269 19269
 4570  7622  7622
 4571  7775  7775
 4572 18685 18685
 4573   379   379
 4574 15249 15249
 4575  3121  3121
 4576 13668 13668
 4577 19362 19362
 4578  1885  1885
 4579 13534 13534
 4580 15007 15007
 4581  3828  3828
 4582 16371 16371
 4583 13388 13388
 4584  3899  3899
 4585  8908  8908
 4586  4549  4549
 4587 13394 13394
 4588  7305  7305
 4589 14282 14282
 4590  2066  2066
 4591  4432  4432
 4592  8118  8118
 4593 17443 17443
 4594  6920  6920
 4595  1737  1737
 4596 10297 10297
 4597 16584 16584
 4598  3427  3427
 4599  2206  2206
 4600  4422  4422
 4601 13328 13328
 4602 16244 16244
 4603 11848 11848
 4604  2271  2271
 4605  8805  8805
 4606 17533 17533
 4607  4337  4337
 4608  1002  1002
 4609 12488 12488
 4610  5624  5624
 4611 13519 13519
 4612 12222 12222
 4613 15362 15362
 4614  1335  1335
 4615 11230 11230
 4616 19575 19575
 4617  8393  8393
 4618  9415  9415
 4619  7353  7353
 4620 12617 12617
 4621  3275  3275
 4622 19758 19758
 4623 13845 13845
 4624  9265  9265
 4625  8377  8377
 4626 19187 19187
 4627 14202 14202
 4628  3174  3174
 4629 17971 17971
 4630  4220  4220
 4631 10431 10431
 4632 15311 15311
 4633 18508 18508
 4634 12082 12082
 4635  9825  9825
 4636  4270  4270
 4637 15226 15226
 4638  3682  3682
 4639  6719  6719
 4640 17946 17946
 4641 12540 12540
 4642  8637  8637
 4643  9973  9973
 4644  5962  5962
 4645 17480 17480
 4646 19102 19102
 4647 19347 19347
 4648 13677 13677
 4649 15536 15536
 4650  8139  8139
 4651 18842 18842
 4652 18647 18647
 4653 10640 10640
 4654 13877 13877
 4655  4211  4211
 4656 15766 15766
 4657  5687  5687
 4658 19578 19578
 4659 17579 17579
 4660  3619  3619
 4661  9168  9168
 4662  2922  2922
 4663 17678 17678
 4664  2035  2035
 4665  3244  3244
 4666 18758 18758
 4667 16479 16479
 4668  5229  5229
 4669  4749  4749
 4670   516   516
 4671  8049  8049
 4672 14902 14902
 4673  4177  4177
 4674  4559  4559
 4675 12805 12805
 4676  3368  3368
 4677  8345  8345
 4678 15308 15308
 4679  1569  1569
 4680 14625 14625
 4681 15926 15926
 4682  8055  8055
 4683 15273 15273
 4684  9912  9912
 4685 13743 13743
 4686 10060 10060
 4687  1885  1885
 4688 19882 19882
 4689   816   816
 4690  8769  8769
 4691 19151 19151
 4692 16594 16594
 4693 17075 17075
 4694  8304  8304
 4695  8863  8863
 4696  8632  8632
 4697 13636 13636
 4698  8755  8755
 4699 18645 18645
 4700 13600 13600
 4701 19859 19859
 4702   424   424
 4703 17817 17817
 4704  5091  5091
 4705 11355 11355
 4706 15412 15412
 4707 14930 14930
 4708  2971  2971
 4709 11850 11850
 4710  7588  7588
 4711 16282 16282
 4712   759   759
 4713 13549 13549
 4714  1550  1550
 4715  5115  5115
 4716  1134  1134
 4717 10394 10394
 4718  6710  6710
 4719 19465 19465
 4720  4113  4113
 4721 12153 12153
 4722  9356  9356
 4723 18650 18650
 4724  4985  4985
 4725 17615 17615
 4726  8339  8339
 4727  7846  7846
 4728   992   992
 4729 18184 18184
 4730  5725  5725
 4731  1015  1015
 4732 14955 14955
 4733 18304 18304
 4734 10961 10961
 4735  3437  3437
 4736  1156  1156
 4737 12943 12943
 4738 10063 10063
 4739  6929  6929
 4740  6631  6631
 4741  7535  7535
 4742  5770  5770
 4743 10388 10388
 4744 18546 18546
 4745 12523 12523
 4746  3988  3988
 4747   515   515
 4748  7999  7999
 4749  7045  7045
 4750    88    88
 4751 19657 19657
 4752  9870  9870
 4753 11748 11748
 4754  1248  1248
 4755 14049 14049
 4756   667   667
 4757 17369 17369
 4758  5302  5302
 4759  8374  8374
 4760 11344 11344
 4761   140   140
 4762  2536  2536
 4763  8282  8282
 4764 14195 14195
 4765 19816 19816
 4766  5477  5477
 4767 14463 14463
 4768 18655 18655
 4769 10527 10527
 4770  1187  1187
 4771 16533 16533
 4772 14384 14384
 4773  6747  6747
 4774 13955 13955
 4775  9921  9921
 4776 17720 17720
 4777 13699 13699
 4778  5709  5709
 4779  7318  7318
 4780 18031 18031
 4781  6854  6854
 4782  4853  4853
 4783  5938  5938
 4784 15015 15015
 4785 18663 18663
 4786 11999 11999
 4787  6360  6360
 4788 14941 14941
 4789  5188  5188
 4790   158   158
 4791  3685  3685
 4792 15979 15979
 4793  4709  4709
 4794 11736 11736
 4795  3825  3825
 4796 10683 10683
 4797  9150  9150
 4798 14437 14437
 4799 15332 15332
 4800  6614  6614
 4801  4577  4577
 4802 15382 15382
 4803 10739 10739
 4804 16731 16731
 4805 18755 18755
 4806 19699 19699
 4807 18614 18614
 4808 19883 19883
 4809 11497 11497
 4810  1693  1693
 4811   519   519
 4812 19904 19904
 4813 19439 19439
 4814 13650 13650
 4815  3960  3960
 4816  5598  5598
 4817  2644  2644
 4818  7694  7694
 4819  3761  3761
 4820   962   962
 4821  6310  6310
 4822 16718 16718
 4823  7654  7654
 4824 13719 13719
 4825 11973 11973
 4826  4464  4464
 4827  6641  6641
 4828  2599  2599
 4829  2551  2551
 4830  8727  8727
 4831 12465 12465
 4832 19694 19694
 4833 15624 15624
 4834   139   139
 4835 17214 17214
 4836  6315  6315
 4837 17435 17435
 4838  1437  1437
 4839 13383 13383
 4840 14992 14992
 4841 18449 18449
 4842 15304 15304
 4843  5354  5354
 4844  2072  2072
 4845  8628  8628
 4846 17554 17554
 4847  7855  7855
 4848 14712 14712
 4849  9025  9025
 4850  9585  9585
 4851 12034 12034
 4852  2702  2702
 4853  4561  4561
 4854  2251  2251
 4855  9068  9068
 4856  3158  3158
 4857  2914  2914
 4858 19894 19894
 4859  8333  8333
 4860  9756  9756
 4861 12294 12294
 4862 14591 14591
 4863 11768 11768
 4864  4587  4587
 4865 17448 17448
 4866  2086  2086
 4867  6698  6698
 4868 10564 10564
 4869 10742 10742
 4870 14085 14085
 4871 13032 13032
 4872  2122  2122
 4873  2671  2671
 4874  6993  6993
 4875  5716  5716
 4876  6042  6042
 4877 11083 11083
 4878 11098 11098
 4879 17163 17163
 4880 10137 10137
 4881 13953 13953
 4882  9389  9389
 4883   671   671
 4884  3205  3205
 4885  1657  1657
 4886 11640 11640
 4887  4748  4748
 4888 13357 13357
 4889 14799 14799
 4890 10541 10541
 4891 19289 19289
 4892  5629  5629
 4893  9248  9248
 4894  7712  7712
 4895 14030 14030
 4896 13425 13425
 4897  9749  9749
 4898 11147 11147
 4899  1740  1740
 4900  3722  3722
 4901  5353  5353
 4902  9105  9105
 4903  5644  5644
 4904 19999 19999
 4905 14808 14808
 4906  4382  4382
 4907 18072 18072
 4908 10859 10859
 4909 16422 16422
 4910  7213  7213
 4911 13376 13376
 4912 16260 16260
 4913 18952 18952
 4914  5060  5060
 4915  9883  9883
 4916  4908  4908
 4917  2707  2707
 4918   698   698
 4919 18619 18619
 4920  9664  9664
 4921  9664  9664
 4922 16089 16089
 4923  5866  5866
 4924  7854  7854
 4925  7161  7161
 4926 13663 13663
 4927  9894  9894
 4928 16963 16963
 4929  4707  4707
 4930 19614 19614
 4931  1143  1143
 4932 10914 10914
 4933 17607 17607
 4934 18146 18146
 4935  9321  9321
 4936  9105  9105
 4937 17087 17087
 4938 15411 15411
 4939  1899  1899
 4940  6830  6830
 4941 11065 11065
 4942  2160  2160
 4943 16162 16162
 4944  6686  6686
 4945  8651  8651
 4946 13212 13212
 4947   458   458
 4948 11014 11014
 4949  2579  2579
 4950 13845 13845
 4951 12203 12203
 4952 12979 12979
 4953 10281 10281
 4954  4158  4158
 4955 13108 13108
 4956 17939 17939
 4957 19429 19429
 4958 14527 14527
 4959  1782  1782
 4960 15718 15718
 4961  2086  2086
 4962 12675 12675
 4963  8863  8863
 4964  5935  5935
 4965 19750 19750
 4966  2239  2239
 4967 15250 15250
 4968  5317  5317
 4969 16311 16311
 4970 17458 17458
 4971  8320  8320
 4972  7623  7623
 4973  5337  5337
 4974  8615  8615
 4975 10021 10021
 4976 18412 18412
 4977  9596  9596
 4978  9431  9431
 4979   993   993
 4980 11639 11639
 4981  1997  1997
 4982 19180 19180
 4983  2961  2961
 4984  6857  6857
 4985  3807  3807
 4986  8640  8640
 4987  3881  3881
 4988  8497  8497
 4989  3127  3127
 4990  7557  7557
 4991 19985 19985
 4992 14398 14398
 4993  5523  5523
 4994  4670  4670
 4995 18617 18617
 4996 10262 10262
 4997  5047  5047
 4998  4425  4425
 4999  3994  3994
 5000 14175 14175
49398
