100
    1   495   485
    2 15104 15094
    3 16336 16326
    4  4516  4506
    5 19258 19248
    6 14426 14416
    7  5431  5421
    8  1002   992
    9   332   322
   10  6659  6649
   11 15805 15795
   12  9247  9237
   13 18053 18043
   14 16467 16457
   15  2855  2845
   16  7825  7815
   17  4965  4955
   18 19456 19446
   19  9262  9252
   20  3432  3422
   21  1019  1009
   22  8801  8791
   23  5911  5901
   24  9369  9359
   25  1132  1122
   26  5677  5667
   27  1104  1094
   28 11608 11598
   29 18748 18738
   30  2017  2007
   31  8584  8574
   32   554   544
   33  5725  5715
   34  5344  5334
   35 18892 18882
   36  2776  2766
   37 11377 11367
   38 14004 13994
   39 19994 19984
   40 19903 19893
   41 13309 13299
   42  2643  2633
   43  9443  9433
   44  7141  7131
   45 15692 15682
   46  5438  5428
   47 10082 10072
   48 16710 16700
   49 17884 17874
   50 10627 10617
   51   148   138
   52 15884 15874
   53 13866 13856
   54 17730 17720
   55  7155  7145
   56 14429 14419
   57 18005 17995
   58  9804  9794
   59 11539 11529
   60  8206  8196
   61 16209 16199
   62 16007 15997
   63  3287  3277
   64  3126  3116
   65   107    97
   66 15918 15908
   67 19729 19719
   68 15549 15539
   69 15252 15242
   70  5717  5707
   71 16117 16107
   72 18579 18569
   73  1132  1122
   74  5547  5537
   75  1080  1070
   76 10941 10931
   77 16108 16098
   78 15736 15726
   79 13610 13600
   80 15497 15487
   81 16655 16645
   82 19782 19772
   83  7277  7267
   84  7523  7513
   85  1982  1972
   86 12091 12081
   87  9905  9895
   88  9953  9943
   89  3223  3213
   90  8068  8058
   91 19758 19748
   92  4313  4303
   93  9497  9487
   94 13774 13764
   95 11933 11923
   96  6546  6536
   97 17039 17029
   98 10734 10724
   99  5684  5674
  100  3799  3789
20001
